rating	headline	review_content	content	sentiment
1		3CE립은 옛날에써보고 한동안 다른걸쓰다가 색이예뻐서주	3CE립은 옛날에써보고 한동안 다른걸쓰다가 색이예뻐서주	0
1		5개중에 2개는 봉제불량이라 입힐수가없겠네요. 세탁도했	5개중에 2개는 봉제불량이라 입힐수가없겠네요. 세탁도했	0
1		? 10분도 안붙혔는데 떼고난후 볼밑에 모기물린것마냥	? 10분도 안붙혔는데 떼고난후 볼밑에 모기물린것마냥	0
1		극세사라 부들부들하긴 한데.. 털이 생각보다 심하게 많	극세사라 부들부들하긴 한데.. 털이 생각보다 심하게 많	0
1		면 100% 가 아닙니다상품설명과 달라요.반품합니다	면 100% 가 아닙니다상품설명과 달라요.반품합니다	0
1		모자가 흐물흐물..반품!!	모자가 흐물흐물..반품!!	0
1		편하지는 않아요좀 작은듯 길이도 밑위도 짧고 자꾸 올려	편하지는 않아요좀 작은듯 길이도 밑위도 짧고 자꾸 올려	0
1		평이 좋아서 구매했는데 보습 안좋아요 오히려 입술 더	평이 좋아서 구매했는데 보습 안좋아요 오히려 입술 더	0
1	105입는데	건조기 돌려 줄어들거생각해서 110 샀어요우선 낙낙하니	105입는데 건조기 돌려 줄어들거생각해서 110 샀어요우선 낙낙하니	0
1	ㅡㅡ	얼굴빨개 붉은반점생겨서미쳐버리는줄저한데별루임3개샀는데다	ㅡㅡ 얼굴빨개 붉은반점생겨서미쳐버리는줄저한데별루임3개샀는데다	0
1	기장이	짧아서 운동할때 바지에서 자꾸 빠집니다.걍 내복으로 입	기장이 짧아서 운동할때 바지에서 자꾸 빠집니다.걍 내복으로 입	0
1	냄새가 심해서 쓸수 없다. 이런건 팔지 말자.	적당히 냄새가 나야지... 개봉한지 한달은 된거 같은데	냄새가 심해서 쓸수 없다. 이런건 팔지 말자. 적당히 냄새가 나야지... 개봉한지 한달은 된거 같은데	0
1	따뜻하네요. 다만 먼지털이개마냥 모든 먼지 다 묻네요ㅠ		따뜻하네요. 다만 먼지털이개마냥 모든 먼지 다 묻네요ㅠ	0
1	별점 0점은 없나요?	10장 세트 상품이라서 1장 이라도 사용하면 교환 반품	별점 0점은 없나요? 10장 세트 상품이라서 1장 이라도 사용하면 교환 반품	0
1	보풀이 많이 생겨서 버려야 할것 같아요	일주일 입고 세탁을 했는데 보풀이 많이 생기네요.	보풀이 많이 생겨서 버려야 할것 같아요 일주일 입고 세탁을 했는데 보풀이 많이 생기네요.	0
1	뻣뻣해요	신축성이 전혀없네요 한달 된 아기 입혔는데도 작아서 아	뻣뻣해요 신축성이 전혀없네요 한달 된 아기 입혔는데도 작아서 아	0
1	사이즈 너무 작아 돈 버렸음	사이즈 너무 작아서 다 세탁을 해버려서 반품도 못하고.	사이즈 너무 작아 돈 버렸음 사이즈 너무 작아서 다 세탁을 해버려서 반품도 못하고.	0
1	성분이 바뀐건가?	예전에 올리브영에서 샀을 때 보습 좋고 트러블도 안나고	성분이 바뀐건가? 예전에 올리브영에서 샀을 때 보습 좋고 트러블도 안나고	0
1	소매가 다 늘어나 있어 입고 외출하지는 못할것 같네요		소매가 다 늘어나 있어 입고 외출하지는 못할것 같네요	0
1	싸이즈가 엄청작아요		싸이즈가 엄청작아요	0
1	완전 별로에요 비추천	물렁뼈같은게 많이 씹혀서 먹기도 어렵고 맛도없고신선하지	완전 별로에요 비추천 물렁뼈같은게 많이 씹혀서 먹기도 어렵고 맛도없고신선하지	0
1	용도변경	일할때 이거하나만입으려고 구입한건데이거꼭 그거같아요.b	용도변경 일할때 이거하나만입으려고 구입한건데이거꼭 그거같아요.b	0
1	잘못왔어요 사이즈가 ㅠ	입었는데 작은듯해서 이상하다싶었는데. 주문은 제대로 한	잘못왔어요 사이즈가 ㅠ 입었는데 작은듯해서 이상하다싶었는데. 주문은 제대로 한	0
1	정품 맞나요?	정품 씰을 떼고 일반 유리테이프로 박스가 동봉되어 있는	정품 맞나요? 정품 씰을 떼고 일반 유리테이프로 박스가 동봉되어 있는	0
1	진짜 사지마세요	다이소 매니큐어도 이보단 나을듯 진짜 발림성이 너무 안	진짜 사지마세요 다이소 매니큐어도 이보단 나을듯 진짜 발림성이 너무 안	0
1	펌프가 문제가 있어요	아무리 펌핑을 해도 안나옵니다. 한번도 못쓰고 버렸어요	펌프가 문제가 있어요 아무리 펌핑을 해도 안나옵니다. 한번도 못쓰고 버렸어요	0
2		급해서샀는데 팬츠가너무짧아요	급해서샀는데 팬츠가너무짧아요	0
2		돌릴 때 도르르 소리가 나서 재밌네요.제형은 너무 무르	돌릴 때 도르르 소리가 나서 재밌네요.제형은 너무 무르	0
2		매트하게 잘 발라지네요옅은 핑크빛이라 자연스런 입술로쌩	매트하게 잘 발라지네요옅은 핑크빛이라 자연스런 입술로쌩	0
2		상품평을 보니 호불호가 갈리던데 그래도 많이 팔렸으니	상품평을 보니 호불호가 갈리던데 그래도 많이 팔렸으니	0
2		생각보다 작게 나옴	생각보다 작게 나옴	0
2		이거 뭐죠? 기저귀인가요? 다른 제품 같은 사이즈랑 비	이거 뭐죠? 기저귀인가요? 다른 제품 같은 사이즈랑 비	0
2		한번ㅆㅓ보려고 열다가 똑딱이 떨어져서 사용할때마다 밸트	한번ㅆㅓ보려고 열다가 똑딱이 떨어져서 사용할때마다 밸트	0
2	롬앤 너어는 다음에 두고보자.	"\"구매제품 : 롬앤 제로 매트 립스틱 7호 엔비미, 8"	"롬앤 너어는 다음에 두고보자. \"구매제품 : 롬앤 제로 매트 립스틱 7호 엔비미, 8"	0
2	사이즈가 이상하네요	평소 허리 30이라 라지로 주문해서 입어봤는데들어가고	사이즈가 이상하네요 평소 허리 30이라 라지로 주문해서 입어봤는데들어가고	0
2	예전샀던옷아니네요‥황당하네요		예전샀던옷아니네요‥황당하네요	0
2	예전향이 그대로 나온다면 너무좋을텐데..	롤리타를 거의10년째 사용해오던 제입장에선 예전향을 그	예전향이 그대로 나온다면 너무좋을텐데.. 롤리타를 거의10년째 사용해오던 제입장에선 예전향을 그	0
2	올리브향이 약해요	유리병에 들어있는 제품인데 뽁뽁이 한겹에 배송이와서혹시	올리브향이 약해요 유리병에 들어있는 제품인데 뽁뽁이 한겹에 배송이와서혹시	0
2	이거 정품 맞나요? 쓰던 같은 제품 향이랑 다르네요.		이거 정품 맞나요? 쓰던 같은 제품 향이랑 다르네요.	0
2	재질이너무 안좋고 두변하니 보풀이생겨서	돈아까움	재질이너무 안좋고 두변하니 보풀이생겨서 돈아까움	0
2	한번만~입어는데 부풀리기 생겼어요^^		한번만~입어는데 부풀리기 생겼어요^^	0
3		ㅎㅎ 디쟌 너무 귀여워서 샀는데 페브리즈 엄청 뿌리고	ㅎㅎ 디쟌 너무 귀여워서 샀는데 페브리즈 엄청 뿌리고	0
3		그레이 색상을 구입후 맘에 들어서 추가로 주문한 블랙이	그레이 색상을 구입후 맘에 들어서 추가로 주문한 블랙이	0
3		급하게 샀습니다 천도 좋고 입혀보니 물도 금세 증발되어	급하게 샀습니다 천도 좋고 입혀보니 물도 금세 증발되어	0
3		급하게 입어야해서 상품평에 몸통길이가 짧다고해도 설마하	급하게 입어야해서 상품평에 몸통길이가 짧다고해도 설마하	0
3		기모 제품이라  탄력성은  약간 부족할것이라  생각했던	기모 제품이라  탄력성은  약간 부족할것이라  생각했던	0
3		길이 짧네요. 77센티쯤. 긴 거 찾는 분들은 다시 생	길이 짧네요. 77센티쯤. 긴 거 찾는 분들은 다시 생	0
3		길이조절하기 쉬워요 ㅋㅋ재질이 오래갈듯 하지는 않고요ㅋ	길이조절하기 쉬워요 ㅋㅋ재질이 오래갈듯 하지는 않고요ㅋ	0
3		남여공용인줄 알고 샀는데 남성용벨트라네요 벨트하면 남아	남여공용인줄 알고 샀는데 남성용벨트라네요 벨트하면 남아	0
3		너무 짜서 맛을 모르겠어요.짜게 먹는 아들이 짜다고 할	너무 짜서 맛을 모르겠어요.짜게 먹는 아들이 짜다고 할	0
3		디자인도 질도 가격대비도 괜찮은데요...사이즈가 넘 작	디자인도 질도 가격대비도 괜찮은데요...사이즈가 넘 작	0
3		따듯하고포근한것이좋기는한데옷이몆번안입어는데좀헐렁하게늘어	따듯하고포근한것이좋기는한데옷이몆번안입어는데좀헐렁하게늘어	0
3		뿌릴대마다 어디 틈이있는지 ㅜ 흘러내리네요 향수 원액이	뿌릴대마다 어디 틈이있는지 ㅜ 흘러내리네요 향수 원액이	0
3		사이즈 넉넉하게 주문해서 다행인거 같아요금방 못입을거같	사이즈 넉넉하게 주문해서 다행인거 같아요금방 못입을거같	0
3		사진이랑 느낌 다름.. 그냥 그래..	사진이랑 느낌 다름.. 그냥 그래..	0
3		생각만큼 예쁜핏이 아네요; 앞뒤 구분도 없고~먼지가 좀	생각만큼 예쁜핏이 아네요; 앞뒤 구분도 없고~먼지가 좀	0
3		수영복 자체는 괜찮은데 주 3회 3주 지나니까 옆구리	수영복 자체는 괜찮은데 주 3회 3주 지나니까 옆구리	0
3		신축성 적고목,소매 등 시보리가 다소 단단한 느낌.상의	신축성 적고목,소매 등 시보리가 다소 단단한 느낌.상의	0
3		신축성이 있긴한데  없는 편이나 마찬가지고 처음 세탁은	신축성이 있긴한데  없는 편이나 마찬가지고 처음 세탁은	0
3		실물보고 사는게 아니라서 ...색은 생각보다는 진해서	실물보고 사는게 아니라서 ...색은 생각보다는 진해서	0
3		잫 몰라서 그런건지 몰라도, 멀티라고 하니.베이킹 용으	잫 몰라서 그런건지 몰라도, 멀티라고 하니.베이킹 용으	0
3		저렴한가격에 산걸로 만족합니다.사이즈는 약간 큰거같아요	저렴한가격에 산걸로 만족합니다.사이즈는 약간 큰거같아요	0
3		제키에 엉덩이 완전덮는기장이구  먼지가많이들러붙는 재질	제키에 엉덩이 완전덮는기장이구  먼지가많이들러붙는 재질	0
3		치수를.잘못잰건지 죄다 엉덩이부분이 왼쪽오른쪽 다 짝짝	치수를.잘못잰건지 죄다 엉덩이부분이 왼쪽오른쪽 다 짝짝	0
3	가성비대비..	그런대로 괜찮은듯..가성비대비..가볍고,따듯함을 느낄정	가성비대비.. 그런대로 괜찮은듯..가성비대비..가볍고,따듯함을 느낄정	0
3	검정을 주문했는데 남색이 왔어요.	검정을 주문했는데 남색입니다.집에서 볼때는 검정 같았는	검정을 주문했는데 남색이 왔어요. 검정을 주문했는데 남색입니다.집에서 볼때는 검정 같았는	0
3	괜찮아요.	받자마자 입어보니 가볍고 허리 쭉쭉 잘 늘어나요 .주머	괜찮아요. 받자마자 입어보니 가볍고 허리 쭉쭉 잘 늘어나요 .주머	0
3	기대만큼은 아니지만...	저는 일단 1년 365일 립밤을 발라줘야 할 만큼 많이	기대만큼은 아니지만... 저는 일단 1년 365일 립밤을 발라줘야 할 만큼 많이	0
3	너무 궁금하시면 사보시는것도 괜찮습니다, 혜자롭긴해요	안녕하세요, 쿠팡 리뷰어 행복곰곰입니다 :)내돈내산한	너무 궁금하시면 사보시는것도 괜찮습니다, 혜자롭긴해요 안녕하세요, 쿠팡 리뷰어 행복곰곰입니다 :)내돈내산한	0
3	보습력은 좀 떨어지는듯ㆍ	안녕하세요뚱띵줌마입니다ㆍ저는 후기기준이 엄격하진않아요ㆍ	보습력은 좀 떨어지는듯ㆍ 안녕하세요뚱띵줌마입니다ㆍ저는 후기기준이 엄격하진않아요ㆍ	0
3	블랙이랑 그레이 사이즈 달라요.	아..블랙이랑 그레이 사이즈가 달라요. 분명 라벨에는	블랙이랑 그레이 사이즈 달라요. 아..블랙이랑 그레이 사이즈가 달라요. 분명 라벨에는	0
3	상표 붙어있는곳 옷핀 그곳이 올이 나갓음		상표 붙어있는곳 옷핀 그곳이 올이 나갓음	0
3	상품은 화면그대로 검은색 물은 계속 빠짐;;	여름 끝자락에 워터피아가려고 구매했는데요후기에서도 검은	상품은 화면그대로 검은색 물은 계속 빠짐;; 여름 끝자락에 워터피아가려고 구매했는데요후기에서도 검은	0
3	세 번 정도 세탁했더니 목뒤가 조금 튿어졌어요	엄청 약해요	세 번 정도 세탁했더니 목뒤가 조금 튿어졌어요 엄청 약해요	0
3	스커트 박음질 ㅠㅠ	무겁지않고 모양도 괜찮은거같은데 스커트 양쪽 박음질이	스커트 박음질 ㅠㅠ 무겁지않고 모양도 괜찮은거같은데 스커트 양쪽 박음질이	0
3	스판바지마누입는다면 스판에서 실망할수도 있으니 참고바람	직접 받아보고 놀람 블랙 인줄알고 색이 약간 블랙쪽임	스판바지마누입는다면 스판에서 실망할수도 있으니 참고바람 직접 받아보고 놀람 블랙 인줄알고 색이 약간 블랙쪽임	0
3	약간 누런색?	흰면티 이너로막  입으려고애들 구매해줬는데다른 사이트에	약간 누런색? 흰면티 이너로막  입으려고애들 구매해줬는데다른 사이트에	0
3	지속력은 없어요	"\"많이 건조한 편이기도 하고~ 요즘 속당김이 많아 후기"	"지속력은 없어요 \"많이 건조한 편이기도 하고~ 요즘 속당김이 많아 후기"	0
3	천이 두꺼워요	천이 두꺼워서 여름에 입기 좀베이지색 하고 검정색 두개	천이 두꺼워요 천이 두꺼워서 여름에 입기 좀베이지색 하고 검정색 두개	0
3	큼지막 하네요^^	좋아요~넉넉해요~77반 저에게는 사이즈 넉넉 합니다~9	큼지막 하네요^^ 좋아요~넉넉해요~77반 저에게는 사이즈 넉넉 합니다~9	0
3	풍미는 많이 아쉬워요	역시 가격을 무시못하네요...ㅠ오랜만에 감바스 만들어	풍미는 많이 아쉬워요 역시 가격을 무시못하네요...ㅠ오랜만에 감바스 만들어	0
3	향이 별로...	평소 니베* 립밤을 애정하는 사람인데 최근 이니스프*립	향이 별로... 평소 니베* 립밤을 애정하는 사람인데 최근 이니스프*립	0
4		66사이즈인데 넉넉하게 잘 맞네요소매만 훅 좁아져서 당	66사이즈인데 넉넉하게 잘 맞네요소매만 훅 좁아져서 당	-1
4		A52s 쓰다가 분실해서 급하게 구입했습니다.A34랑	A52s 쓰다가 분실해서 급하게 구입했습니다.A34랑	-1
4		가성비좋고 리뷰가 좋아서 구입했는데 바르고 한참있다 만	가성비좋고 리뷰가 좋아서 구입했는데 바르고 한참있다 만	-1
4		길이가 좀 짧은감이 있긴하지만  편하고 가볍게  입을만	길이가 좀 짧은감이 있긴하지만  편하고 가볍게  입을만	-1
4		남편이 속옷 사달래서 샀어요남편이 직접고른 팬티ㅋ사이즈	남편이 속옷 사달래서 샀어요남편이 직접고른 팬티ㅋ사이즈	-1
4		넉넉하게 입으려고 큰사이즈구입했어요 몸무게 67kg 키	넉넉하게 입으려고 큰사이즈구입했어요 몸무게 67kg 키	-1
4		늘사용하던제품이라 떨어지기전에 미리구매합니다	늘사용하던제품이라 떨어지기전에 미리구매합니다	-1
4		다 좋은데 허리부분이 너무 짱짱해서 답답할것 같아요	다 좋은데 허리부분이 너무 짱짱해서 답답할것 같아요	-1
4		다른 후기ㅡ보고 샀는데요 ,,일반 물같은 미스트느낌은	다른 후기ㅡ보고 샀는데요 ,,일반 물같은 미스트느낌은	-1
4		대학생 아들이 올인원 제품을 쓰고 있었는데 거의 다 사	대학생 아들이 올인원 제품을 쓰고 있었는데 거의 다 사	-1
4		라운드랩 1025 독도 미스트저분자 히알루론산이 촉촉한	라운드랩 1025 독도 미스트저분자 히알루론산이 촉촉한	-1
4		모자가 조금 크네요	모자가 조금 크네요	-1
4		배송하루만에받았어요^-^상품도하자없이잘받았는데...포장	배송하루만에받았어요^-^상품도하자없이잘받았는데...포장	-1
4		빠른 배송 고맙구요 향은 처음에 남자스킨냄새였다가 시간	빠른 배송 고맙구요 향은 처음에 남자스킨냄새였다가 시간	-1
4		선물했는데 효과가 있는것같다하니 기분 좋네요	선물했는데 효과가 있는것같다하니 기분 좋네요	-1
4		시원함가벼움옷핏괜찮음단점다잠그고 입어야할듯열고입으면 계	시원함가벼움옷핏괜찮음단점다잠그고 입어야할듯열고입으면 계	-1
4		시향 없이 향수용기와 빛깔이 맘에 들어 주문했어요왠지	시향 없이 향수용기와 빛깔이 맘에 들어 주문했어요왠지	-1
4		신랑 화장품이 떨어져서 급히 주문해 봤어요다른 제품쓰다	신랑 화장품이 떨어져서 급히 주문해 봤어요다른 제품쓰다	-1
4		아기를 앞보기로 앉히면 밑으로 축 쳐져서 아기가 미끄러	아기를 앞보기로 앉히면 밑으로 축 쳐져서 아기가 미끄러	-1
4		아들 여드름 때문에 자주 샀던 브랜드인데요 이번에 쿠팡	아들 여드름 때문에 자주 샀던 브랜드인데요 이번에 쿠팡	-1
4		아이가 편하다고 하네요	아이가 편하다고 하네요	-1
4		아직 안써봐서 후기는 그 뒤에 남기겠습니다후기음~~손톱	아직 안써봐서 후기는 그 뒤에 남기겠습니다후기음~~손톱	-1
4		애들 수딩젤은 보통 첨엔 미끄덩거리다가 부드럽게 스며드	애들 수딩젤은 보통 첨엔 미끄덩거리다가 부드럽게 스며드	-1
4		얇고 좋은데 신축성이 별로 없어서평소 90 입는 아가인	얇고 좋은데 신축성이 별로 없어서평소 90 입는 아가인	-1
4		언제 써도 참 좋은향! 사용기간도 아주 넉넉하고 같이	언제 써도 참 좋은향! 사용기간도 아주 넉넉하고 같이	-1
4		여자들이 닥스훈트 자수땜에티가 이쁘다고..,	여자들이 닥스훈트 자수땜에티가 이쁘다고..,	-1
4		예전에 너무 맛있게 먹었던기억이 나서 또 주문했어요~그	예전에 너무 맛있게 먹었던기억이 나서 또 주문했어요~그	-1
4		원래 뉴스킨꺼 쓰고있었는데 가성비 좋다고 하서 사봤어요	원래 뉴스킨꺼 쓰고있었는데 가성비 좋다고 하서 사봤어요	-1
4		이거 하루 세일에올라와서 많이들 구매 하시길래다른 후기	이거 하루 세일에올라와서 많이들 구매 하시길래다른 후기	-1
4		이뻐요 ~~촉감도 좋구요 이가격에 이정도 라면 가성비도	이뻐요 ~~촉감도 좋구요 이가격에 이정도 라면 가성비도	-1
4		작은 크기	작은 크기	-1
4		전체적으로 실용성있고 필요한 물품이 구성되어있어서 딱좋	전체적으로 실용성있고 필요한 물품이 구성되어있어서 딱좋	-1
4		제가 평소 110-120정도 입는 거구라 입으면 살때문	제가 평소 110-120정도 입는 거구라 입으면 살때문	-1
4		진청색을 먼저사고 마음에들어 연청을 구입했는대 색상에선	진청색을 먼저사고 마음에들어 연청을 구입했는대 색상에선	-1
4		친구가 급하게 벨트가 필요하여 리뷰순, 가격순 비교하여	친구가 급하게 벨트가 필요하여 리뷰순, 가격순 비교하여	-1
4		키 175에 70키로 인데요 좀 끼네요. 2XL가 맞을	키 175에 70키로 인데요 좀 끼네요. 2XL가 맞을	-1
4		편하게 입을수 있어요핏이 붙는핏은 아니라 티셔츠처럼입는	편하게 입을수 있어요핏이 붙는핏은 아니라 티셔츠처럼입는	-1
4		평소에도 입술 각질이 있는 편인데 겨울철 되니 심해져서	평소에도 입술 각질이 있는 편인데 겨울철 되니 심해져서	-1
4		하루 사용했는데요 일단 자극없구 알러지반응 없구요 세안	하루 사용했는데요 일단 자극없구 알러지반응 없구요 세안	-1
4		향은 너무 강하지 않고 뿌리고 나서 은은해요. 아주 마	향은 너무 강하지 않고 뿌리고 나서 은은해요. 아주 마	-1
4		향이 너무 강함	향이 너무 강함	-1
4		후기 보고 구매했어요.여기 브랜드가 가격도 좋고 팩도	후기 보고 구매했어요.여기 브랜드가 가격도 좋고 팩도	-1
4		후기도좋고해서 주문해봤습니다.생각보다 묽은 느낌입니다.	후기도좋고해서 주문해봤습니다.생각보다 묽은 느낌입니다.	-1
4	1년 입고, 재구매함. 임산부도 입기 편하고 좋음	1년만에 재구매입니다!!● 1년만에 10장 재구매 !!	1년 입고, 재구매함. 임산부도 입기 편하고 좋음 1년만에 재구매입니다!!● 1년만에 10장 재구매 !!	-1
4	1일 1팩 가성비 좋음	메디힐이야 워낙 유명해서 아는분은 다 알죠.가격도 괜찮	1일 1팩 가성비 좋음 메디힐이야 워낙 유명해서 아는분은 다 알죠.가격도 괜찮	-1
4	^^	폼클렌징인듯 아닌듯 바디워시인듯 아닌듯.정체가 모냥..	^^ 폼클렌징인듯 아닌듯 바디워시인듯 아닌듯.정체가 모냥..	-1
4	^^;	예전에 분홍색 사고 좋아서 추가 구매한건데 이건 약간	^^; 예전에 분홍색 사고 좋아서 추가 구매한건데 이건 약간	-1
4	⭕ 중성적인향 ⭕	✅ 가격 : 14.300원✅ 구매 : 2021.9.4일	⭕ 중성적인향 ⭕ ✅ 가격 : 14.300원✅ 구매 : 2021.9.4일	-1
4	가격대비 민족	정치수네요 다만 세탁할때 검정물이 ㅠㅠ	가격대비 민족 정치수네요 다만 세탁할때 검정물이 ㅠㅠ	-1
4	가격대비 좋아요	색상.재질 넘맘에들어요.다만 사이즈가 약간 작은듯요.모	가격대비 좋아요 색상.재질 넘맘에들어요.다만 사이즈가 약간 작은듯요.모	-1
4	가성비 굿	168 70 엉덩이 조금 있는데 M사이즈 엉덩이 꽉끼고	가성비 굿 168 70 엉덩이 조금 있는데 M사이즈 엉덩이 꽉끼고	-1
4	가성비 조아요		가성비 조아요	-1
4	가성비 좋네요	예상했던 원단이라서 입었을때 느낌은 괜찮습니다사이즈도	가성비 좋네요 예상했던 원단이라서 입었을때 느낌은 괜찮습니다사이즈도	-1
4	가성비갑입니다~~~	급하게 검정색 모자가 필요해서 두개 구매하였습니다저렴하	가성비갑입니다~~~ 급하게 검정색 모자가 필요해서 두개 구매하였습니다저렴하	-1
4	겨울을 잘 보내야할텐데....	생각했던 것보단 안감이 그럭저럭이라 생각했는데 사용하고	겨울을 잘 보내야할텐데.... 생각했던 것보단 안감이 그럭저럭이라 생각했는데 사용하고	-1
4	괜찮아요	더 발라봐야 겠지만~~보습은 적당하네요열심히 발라볼께요	괜찮아요 더 발라봐야 겠지만~~보습은 적당하네요열심히 발라볼께요	-1
4	괜찮은 제품인듯	네이처리퍼블릭 제품 알로에 쓰다가 이거 한 번 주문해봤	괜찮은 제품인듯 네이처리퍼블릭 제품 알로에 쓰다가 이거 한 번 주문해봤	-1
4	굳	입어보진않았는데 약간 색이 칙칙해보여서별하나뺐어요베이지	굳 입어보진않았는데 약간 색이 칙칙해보여서별하나뺐어요베이지	-1
4	굿굿	튼튼 해요그리고 각도 조절 굿	굿굿 튼튼 해요그리고 각도 조절 굿	-1
4	그럭저럭 입을만 합니다		그럭저럭 입을만 합니다	-1
4	길이도적당하고색상도마음에듭니다	앞에미니목도리하나를구입했는데하나더필요해서구입했어요긴거는	길이도적당하고색상도마음에듭니다 앞에미니목도리하나를구입했는데하나더필요해서구입했어요긴거는	-1
4	낭	제가 좋아하는 핏의 티에요그냥 쭉티같은데 가오리핏이면서	낭 제가 좋아하는 핏의 티에요그냥 쭉티같은데 가오리핏이면서	-1
4	너무 길어요	작은키가 아닌데 복숭아뼈까지 와요허리위로  입기엔 밴드	너무 길어요 작은키가 아닌데 복숭아뼈까지 와요허리위로  입기엔 밴드	-1
4	너무비싸네요 비싼만큼효과있길바램	써보고 효과있음 후기 쓸께요	너무비싸네요 비싼만큼효과있길바램 써보고 효과있음 후기 쓸께요	-1
4	노즐 불량이 아쉬운 최애 미스트	온가족이 하나씩 들고다니며 쓰는힐링 미스트입니다.여드름	노즐 불량이 아쉬운 최애 미스트 온가족이 하나씩 들고다니며 쓰는힐링 미스트입니다.여드름	-1
4	다 좋은데, 처음 받았을때 곰팡이 냄새가 났어요		다 좋은데, 처음 받았을때 곰팡이 냄새가 났어요	-1
4	다음에  재구매할꺼예요	향도 괜찮고  끈적임도  별로 없고별 기대없이  샀는데	다음에  재구매할꺼예요 향도 괜찮고  끈적임도  별로 없고별 기대없이  샀는데	-1
4	닥터지~~ 브라이트닝 업업!!	총평선크림이 떨어져가 써보자 하고 고른 제품이에요 !	닥터지~~ 브라이트닝 업업!! 총평선크림이 떨어져가 써보자 하고 고른 제품이에요 !	-1
4	드레스가 맞아요.	홈드레스 입니다. 치마를 들고 단니면서도 행복해 하네요	드레스가 맞아요. 홈드레스 입니다. 치마를 들고 단니면서도 행복해 하네요	-1
4	디자인 색상 전부 다 맘에 드는데 한가지 아쉬운점이..	털이 많이 빠지네요...엄청...검은색 옷 입고 목도리	디자인 색상 전부 다 맘에 드는데 한가지 아쉬운점이.. 털이 많이 빠지네요...엄청...검은색 옷 입고 목도리	-1
4	만저보는 느낌도보드럽고 입어보니 좋았어요		만저보는 느낌도보드럽고 입어보니 좋았어요	-1
4	먹을만해요..	맛이 궁금해서 주문해봤어요..바로주문해서먹는 토스트랑	먹을만해요.. 맛이 궁금해서 주문해봤어요..바로주문해서먹는 토스트랑	-1
4	몇날몇일을 고민해서 구매했습니다	오랬동안 고민해왔고아이폰 신작 출시도 되어서 고민하다울	몇날몇일을 고민해서 구매했습니다 오랬동안 고민해왔고아이폰 신작 출시도 되어서 고민하다울	-1
4	묻어남이 아쉽습니다.	부드럽고 얇게 발려요. 색은 맑은 빨강. 웜톤 22~2	묻어남이 아쉽습니다. 부드럽고 얇게 발려요. 색은 맑은 빨강. 웜톤 22~2	-1
4	믿고 쓰는 제품	피부 여드름 때문에 많은 고민이 있었으나 이걸 쓴 이후	믿고 쓰는 제품 피부 여드름 때문에 많은 고민이 있었으나 이걸 쓴 이후	-1
4	배때문에 평소L입긴한데 M싸이즈 입는분게도 적당할것같당		배때문에 평소L입긴한데 M싸이즈 입는분게도 적당할것같당	-1
4	보통	피부가 강철이라 자극은 모르겠고닦토용으로 막쓰기 좋은용	보통 피부가 강철이라 자극은 모르겠고닦토용으로 막쓰기 좋은용	-1
4	부드럽고 착용감 좋다고~		부드럽고 착용감 좋다고~	-1
4	삼성 갤럭시북2 NT750	사용하던 노트북이 10년 만에 사망하여 새 노트북을 급	삼성 갤럭시북2 NT750 사용하던 노트북이 10년 만에 사망하여 새 노트북을 급	-1
4	색이 내 취향이고 디자인 깔끔해서 만족	카키라고 적혀있으나, 실제적으로는 그린~다크그린에 가깝	색이 내 취향이고 디자인 깔끔해서 만족 카키라고 적혀있으나, 실제적으로는 그린~다크그린에 가깝	-1
4	색이 이뻐요!		색이 이뻐요!	-1
4	생각ㅂᆢ드	샛각보다 사이즈가딱맞아요.6살여아인데 10살거시켯는데딱	생각ㅂᆢ드 샛각보다 사이즈가딱맞아요.6살여아인데 10살거시켯는데딱	-1
4	생각보다 더 짧아요!!!!	색상이랑 재질 다 좋아요!근데 넘 짧아서 알고 샀지만	생각보다 더 짧아요!!!! 색상이랑 재질 다 좋아요!근데 넘 짧아서 알고 샀지만	-1
4	생각보다 커버가 잘됐어요	생각보다 커버가 잘돼서 컨실러를 따로 사용하지 않아도	생각보다 커버가 잘됐어요 생각보다 커버가 잘돼서 컨실러를 따로 사용하지 않아도	-1
4	생각보다 향이 별로에요	약간 달달한 딸기향이긴한데인공적인 향이랑 맛이 좀 느껴	생각보다 향이 별로에요 약간 달달한 딸기향이긴한데인공적인 향이랑 맛이 좀 느껴	-1
4	샵링크보고	샵링크보고 구매했어요ㅎ계속이것만 사용하게되네요 맘에들어	샵링크보고 샵링크보고 구매했어요ㅎ계속이것만 사용하게되네요 맘에들어	-1
4	순해서 자주 사용합니다	순해서 자주 사용합니다	순해서 자주 사용합니다 순해서 자주 사용합니다	-1
4	신선한 샌드위치였습니다.	적당히 맛있었습니다. 아무래도 바로 만든 것 보다는 신	신선한 샌드위치였습니다. 적당히 맛있었습니다. 아무래도 바로 만든 것 보다는 신	-1
4	신축성좋아 편한데요	자크가 남자방향이라  남자꺼왓는지ᆢ원래 그런건지 모르겟	신축성좋아 편한데요 자크가 남자방향이라  남자꺼왓는지ᆢ원래 그런건지 모르겟	-1
4	심플해서 더 이쁜 티셔츠~^^	지금 두꺼운 겉옷 안에 입혀서어린이집에 보내고 있는데넘	심플해서 더 이쁜 티셔츠~^^ 지금 두꺼운 겉옷 안에 입혀서어린이집에 보내고 있는데넘	-1
4	싸이즈 작아요!	170에60KG!한치수 크게 추천합니다. 재질은 그냥	싸이즈 작아요! 170에60KG!한치수 크게 추천합니다. 재질은 그냥	-1
4	싸이즈완전작아요		싸이즈완전작아요	-1
4	썸머즈리즈 여름색이에요	맘에들어서 내돈내산 깔별로 사는중이에요.발은 썸머브리즈	썸머즈리즈 여름색이에요 맘에들어서 내돈내산 깔별로 사는중이에요.발은 썸머브리즈	-1
4	아이를 이뻐 보이게 해주는 래쉬가드~^^	급하게 주문한 아이 수영복!! 색상, 디자인 이뻐요~~	아이를 이뻐 보이게 해주는 래쉬가드~^^ 급하게 주문한 아이 수영복!! 색상, 디자인 이뻐요~~	-1
4	아주맘에들어요		아주맘에들어요	-1
4	약산성 폼클렌징계의 탑티어	원래 약산성 폼클렌징쓰던 사람인데요버블이어야 모공속까지	약산성 폼클렌징계의 탑티어 원래 약산성 폼클렌징쓰던 사람인데요버블이어야 모공속까지	-1
4	얇고 쏘쏘	아들이 사달라구해서 구매했어요~  아들은 키가 180이	얇고 쏘쏘 아들이 사달라구해서 구매했어요~  아들은 키가 180이	-1
4	엄청작아요.	토네이도수영복 애용합니다.이수영복은 유독 꽉 낍니다.	엄청작아요. 토네이도수영복 애용합니다.이수영복은 유독 꽉 낍니다.	-1
4	외관은 마음에 들어요. 키감도 좋구요	새제품 불량으로 한 번 교환했는데,새로 받은 제품도 이	외관은 마음에 들어요. 키감도 좋구요 새제품 불량으로 한 번 교환했는데,새로 받은 제품도 이	-1
4	위에티는 짧고 바지는 움직이면 내려와요		위에티는 짧고 바지는 움직이면 내려와요	-1
4	유분이 많아요.	흡수 잘 되고, 촉촉해지고 여러모로 편리한데유분이 많아	유분이 많아요. 흡수 잘 되고, 촉촉해지고 여러모로 편리한데유분이 많아	-1
4	음 설치를 하라는대로 했는데..	막상 아이가 좌석에 앉을때인형과 안전벨트사이로 들어가야	음 설치를 하라는대로 했는데.. 막상 아이가 좌석에 앉을때인형과 안전벨트사이로 들어가야	-1
4	이뻐요	32개월 머리작은 여아 한테 잘 맞아요싸 보이지 않고	이뻐요 32개월 머리작은 여아 한테 잘 맞아요싸 보이지 않고	-1
4	일단 얼굴을 가리지않아서 아기가 불편해 하지 않아요		일단 얼굴을 가리지않아서 아기가 불편해 하지 않아요	-1
4	작네요ㅠㅠ	평소 100-105정도 입는데요.이건 좀 작네요ㅠㅠ 퀄	작네요ㅠㅠ 평소 100-105정도 입는데요.이건 좀 작네요ㅠㅠ 퀄	-1
4	재주문 입니다	사용하던 제품 용량이 넘 많아 지겨워서 다른 제품 사용	재주문 입니다 사용하던 제품 용량이 넘 많아 지겨워서 다른 제품 사용	-1
4	적당히 추천합니다.	2장으로 되어 있어서 이마 부위랑 볼 부준이랑 각각 1	적당히 추천합니다. 2장으로 되어 있어서 이마 부위랑 볼 부준이랑 각각 1	-1
4	제 후기가 도움이 되시길 바랍니다.	[구매이유]작년부터 와이존이랑 엉덩이 중간을 가로질러	제 후기가 도움이 되시길 바랍니다. [구매이유]작년부터 와이존이랑 엉덩이 중간을 가로질러	-1
4	좋은하루. 되세요		좋은하루. 되세요	-1
4	진짜 왕대두만 사세요 자신의 머리를 과대평가 말라	엄청커요 그냥 대두 사려다가 제 머리를 과대평가하고 왕	진짜 왕대두만 사세요 자신의 머리를 과대평가 말라 엄청커요 그냥 대두 사려다가 제 머리를 과대평가하고 왕	-1
4	집에있는 어떤 130보다 작아요	130이 아니라 120이라고 해야지 맞을 듯 싶어요그래	집에있는 어떤 130보다 작아요 130이 아니라 120이라고 해야지 맞을 듯 싶어요그래	-1
4	쫀쫀하니 괜찮습니다	닥터지는 비싸지 않은 가격으로 좋은 품질을 보장한다기에	쫀쫀하니 괜찮습니다 닥터지는 비싸지 않은 가격으로 좋은 품질을 보장한다기에	-1
4	처음 써보는 건데 괜찮네요.	● 닥터에이지 시카 진정패드에 대한 솔직한 구매 후기입	처음 써보는 건데 괜찮네요. ● 닥터에이지 시카 진정패드에 대한 솔직한 구매 후기입	-1
4	편하게입으려고큰거샀어요대신 팔과 기장줄여 수선비 추가요		편하게입으려고큰거샀어요대신 팔과 기장줄여 수선비 추가요	-1
4	할미될때까지 안고갈 수분크림이에여	아 대박ㅋㅋㅋㅋㅋㅋ제가 유수분 부족한 건성이라 원래 잘	할미될때까지 안고갈 수분크림이에여 아 대박ㅋㅋㅋㅋㅋㅋ제가 유수분 부족한 건성이라 원래 잘	-1
4	허리가 히든밴딩이라 좋네요 !	살이 너무 쪄서 ,, 청바지를 못입었는데 덕분에 입네요	허리가 히든밴딩이라 좋네요 ! 살이 너무 쪄서 ,, 청바지를 못입었는데 덕분에 입네요	-1
5		"\"✅< 구입 동기 >- 나에게 맞는 팩트 찾기 너무 어"	"\"✅< 구입 동기 >- 나에게 맞는 팩트 찾기 너무 어"	1
5		"\"다 쓰면 재구매 할려고합니다~^^끈적이는거 3일째 되"	"\"다 쓰면 재구매 할려고합니다~^^끈적이는거 3일째 되"	1
5		"\"이 \"\"메디플라워 곡물 페이셜 클렌징 폼\"\"은 저의"	"\"이 \"\"메디플라워 곡물 페이셜 클렌징 폼\"\"은 저의"	1
5		-라운드랩 1025 독도 클렌저 클렌징 폼 후기--울릉	-라운드랩 1025 독도 클렌저 클렌징 폼 후기--울릉	1
5		.·˖*·⑅  ⑅  ⑅ .·˖*·⑅  ⑅  ⑅ .·˖*	.·˖*·⑅  ⑅  ⑅ .·˖*·⑅  ⑅  ⑅ .·˖*	1
5		1. 배송이 너무 빨랐어요. (놀람)2. 향은 호랑이연	1. 배송이 너무 빨랐어요. (놀람)2. 향은 호랑이연	1
5		105센티/15.5키로 다섯살 여아에요건조기 돌릴거 생	105센티/15.5키로 다섯살 여아에요건조기 돌릴거 생	1
5		132에35키로인 아들 길이는 좀 짤둥한데 스판 좋아	132에35키로인 아들 길이는 좀 짤둥한데 스판 좋아	1
5		23호 주문했는데   컬러가 너무 자연스럽습니다.  커	23호 주문했는데   컬러가 너무 자연스럽습니다.  커	1
5		2개라서 먹는양이 적을 거라고 생각했는데요. 2인이서	2개라서 먹는양이 적을 거라고 생각했는데요. 2인이서	1
5		30개월 아기 100호 사이즈로 주문했어요마른 편이라	30개월 아기 100호 사이즈로 주문했어요마른 편이라	1
5		365일 입술 트고 각질 부자인 사람임자기전에 면봉으로	365일 입술 트고 각질 부자인 사람임자기전에 면봉으로	1
5		4살아이가  어린이집 등원할때 손시렵다고 해서 샀어요너	4살아이가  어린이집 등원할때 손시렵다고 해서 샀어요너	1
5		6세남아인데 몸무게가30키로라140주문했는데 허벅지가	6세남아인데 몸무게가30키로라140주문했는데 허벅지가	1
5		70일쯤 구매했는데 120일 지금까지 잘쓰고 있어요!다	70일쯤 구매했는데 120일 지금까지 잘쓰고 있어요!다	1
5		•구매 이유: 목이 따뜻하면 얇게 입어도 춥지 않더라고	•구매 이유: 목이 따뜻하면 얇게 입어도 춥지 않더라고	1
5		■제조국: 한국■화장품제조업자 및 책임판매업자: (주)	■제조국: 한국■화장품제조업자 및 책임판매업자: (주)	1
5		● 상품명: 마인드브릿지 남성용 고밀도 순면 반팔 티셔	● 상품명: 마인드브릿지 남성용 고밀도 순면 반팔 티셔	1
5		★★★ 실제 사용 후기 ★★★​​★★★ 워터레깅스라 텐	★★★ 실제 사용 후기 ★★★​​★★★ 워터레깅스라 텐	1
5		가격대비 가성비굿입니다너무너무조아요	가격대비 가성비굿입니다너무너무조아요	1
5		가격대비 원단 색상 싸이즈 디자인 만족합니다잘입을것 같	가격대비 원단 색상 싸이즈 디자인 만족합니다잘입을것 같	1
5		가격대비 좋아요 날씨가추워졌는데 빨리와서 너무좋아요배송	가격대비 좋아요 날씨가추워졌는데 빨리와서 너무좋아요배송	1
5		가격대비 좋아요.	가격대비 좋아요.	1
5		가격대비 질도 좋고 맘에들어요.  아이태어나면 입히려구	가격대비 질도 좋고 맘에들어요.  아이태어나면 입히려구	1
5		가격대비...품질좋아요...추천합니다	가격대비...품질좋아요...추천합니다	1
5		가격도 좋고 품질도 좋고 착용감도 좋습니다. 벌써 3번	가격도 좋고 품질도 좋고 착용감도 좋습니다. 벌써 3번	1
5		가볍게바르기좋아요	가볍게바르기좋아요	1
5		가성비 아주 좋아요수분크림만으로는 당김이 있어서 후에	가성비 아주 좋아요수분크림만으로는 당김이 있어서 후에	1
5		가성비 최고.시보리 있는것만 3개왔어요.9부라기엔 길어	가성비 최고.시보리 있는것만 3개왔어요.9부라기엔 길어	1
5		거의 짐승용량의 500미리 미스트!!무게거 있어서 휴대	거의 짐승용량의 500미리 미스트!!무게거 있어서 휴대	1
5		거품으로 되어있어서 편하고 좋아요남편이 골랐는데 본인도	거품으로 되어있어서 편하고 좋아요남편이 골랐는데 본인도	1
5		겨울내내 잘 사용중이에요 머리가 따뜻하니 감기에 덜 걸	겨울내내 잘 사용중이에요 머리가 따뜻하니 감기에 덜 걸	1
5		겨울에 입히기 좋은 실내복이에요 기모는 아니지만 약간	겨울에 입히기 좋은 실내복이에요 기모는 아니지만 약간	1
5		겨울이라서 피부 속까지 건조해진 것 같아서로켓체험단을	겨울이라서 피부 속까지 건조해진 것 같아서로켓체험단을	1
5		굿°°°°°	굿°°°°°	1
5		길이감도딱이고 두께도 딱이고 디자인이 정말 고급스럽고	길이감도딱이고 두께도 딱이고 디자인이 정말 고급스럽고	1
5		길이는 참 길었는데 잠가지는 곳은 누구나 맞게 되어있어	길이는 참 길었는데 잠가지는 곳은 누구나 맞게 되어있어	1
5		깔끔하게 발려서 좋아요!!환절기가되서 너무건조해서 오일	깔끔하게 발려서 좋아요!!환절기가되서 너무건조해서 오일	1
5		꾸준히 쓰고 있는 제품입니다수부지에 계절 바뀔때마다 뒤	꾸준히 쓰고 있는 제품입니다수부지에 계절 바뀔때마다 뒤	1
5		끈적이는거 싫어하는 수부지 타입 피부입니다.4월 말부터	끈적이는거 싫어하는 수부지 타입 피부입니다.4월 말부터	1
5		나이먹어서 그런가 자다보면 얼굴이 퍼석퍼석한데 머리맡에	나이먹어서 그런가 자다보면 얼굴이 퍼석퍼석한데 머리맡에	1
5		난 분명히 와인 골랐는데 쿠팡이 전산기록까지 바꾸는건가	난 분명히 와인 골랐는데 쿠팡이 전산기록까지 바꾸는건가	1
5		날씨가 건조한 요즘... 피부과를 돈드려서 가긴 시간도	날씨가 건조한 요즘... 피부과를 돈드려서 가긴 시간도	1
5		날씨가 추워지면서 타이즈가 필요해서 쿠팡에서 검색해보니	날씨가 추워지면서 타이즈가 필요해서 쿠팡에서 검색해보니	1
5		날이 추워지면 입술이 일어나는 지저분한입..포포크림도	날이 추워지면 입술이 일어나는 지저분한입..포포크림도	1
5		남자아이 교복 바지에 사용하려고 구매했습니다.1. 재질	남자아이 교복 바지에 사용하려고 구매했습니다.1. 재질	1
5		남자친구 생일선물로 사준건데 남자친구도 너무 좋아하고	남자친구 생일선물로 사준건데 남자친구도 너무 좋아하고	1
5		남자친구 피부가 건성이라서 모이스처 올인원 동생은 지성	남자친구 피부가 건성이라서 모이스처 올인원 동생은 지성	1
5		남편   아들이 귀차니즘이라  여러가지  사용을  못해	남편   아들이 귀차니즘이라  여러가지  사용을  못해	1
5		내인생 립스틱...맥립스틱에서 나오는 플리티프리즈 보다	내인생 립스틱...맥립스틱에서 나오는 플리티프리즈 보다	1
5		너무 고급스럽네요. 사실 큰 기대 안했는데 천 자체가	너무 고급스럽네요. 사실 큰 기대 안했는데 천 자체가	1
5		다른 브랜드는 65호 하면 딱 맞았는데이건 뭔가 조금	다른 브랜드는 65호 하면 딱 맞았는데이건 뭔가 조금	1
5		닥터지 레드 블레미쉬 밸런싱 에센스이름은 블라블라 어렵	닥터지 레드 블레미쉬 밸런싱 에센스이름은 블라블라 어렵	1
5		달팽이 크림이 피부 재생에 좋다해서 찾아보다여기 제품이	달팽이 크림이 피부 재생에 좋다해서 찾아보다여기 제품이	1
5		달팽이 화장품 안티에이징에 좋다고 해서 구입했어요건조한	달팽이 화장품 안티에이징에 좋다고 해서 구입했어요건조한	1
5		대~~~충 세장을 한번에 말아서 포장중딩아이 생활복맨투	대~~~충 세장을 한번에 말아서 포장중딩아이 생활복맨투	1
5		덕분에 제머리가 작다라는걸 알게되었네요 굿	덕분에 제머리가 작다라는걸 알게되었네요 굿	1
5		데일리로 착용하기좋아요 금장이 포인트가돼고 가죽질감도좋	데일리로 착용하기좋아요 금장이 포인트가돼고 가죽질감도좋	1
5		두가지 색으로 구매했습니다일단 사진처럼 그라데이션 효과	두가지 색으로 구매했습니다일단 사진처럼 그라데이션 효과	1
5		두번째 구매, 저번에 3개 사서 다 쓰고  이번에 4개	두번째 구매, 저번에 3개 사서 다 쓰고  이번에 4개	1
5		두번째 구매입니다다른팬티말고이거로 갈아탈듯해요밴드도 짱	두번째 구매입니다다른팬티말고이거로 갈아탈듯해요밴드도 짱	1
5		따님 로션이 떨어졌다고 해서 급하게 주문했어요.사춘기	따님 로션이 떨어졌다고 해서 급하게 주문했어요.사춘기	1
5		따뜻하고 색상도 이쁘고    적당한길이감에치마랑 바지	따뜻하고 색상도 이쁘고    적당한길이감에치마랑 바지	1
5		딱맞고 날씬해보이고 다리 짱 예쁘게 보여요 정말 맘에	딱맞고 날씬해보이고 다리 짱 예쁘게 보여요 정말 맘에	1
5		딸내미가 맘에 든답니나	딸내미가 맘에 든답니나	1
5		레드색 니트를 찾다찾다가겨우 겨우 찾았네요레드라해도 적	레드색 니트를 찾다찾다가겨우 겨우 찾았네요레드라해도 적	1
5		마른 아기 34개월 여아예요.12.5kg, 평소 100	마른 아기 34개월 여아예요.12.5kg, 평소 100	1
5		마유크림  제주에서 사서  써보고  이제품으로  꾸준히	마유크림  제주에서 사서  써보고  이제품으로  꾸준히	1
5		매우 부드럽고 가벼워서 편하다고 하네요감촉에 민감해서	매우 부드럽고 가벼워서 편하다고 하네요감촉에 민감해서	1
5		맥시라 좋아요여름에는 스커트가 얇아 팬티 자국 나는데맥	맥시라 좋아요여름에는 스커트가 얇아 팬티 자국 나는데맥	1
5		메리쏘드 앵두핏 글로우 립스틱그동안 마스크를 쓰고 다녀	메리쏘드 앵두핏 글로우 립스틱그동안 마스크를 쓰고 다녀	1
5		메이크업 전후에도 사용하기 좋아요!건조한 피부에 광채를	메이크업 전후에도 사용하기 좋아요!건조한 피부에 광채를	1
5		믿고 사는 뺴빼입니다~여러번 구매해봤는데 구매했을때마다	믿고 사는 뺴빼입니다~여러번 구매해봤는데 구매했을때마다	1
5		밀착력도 좋고 앰플도 넉넉히 들어있어서 마음에 듭니다~	밀착력도 좋고 앰플도 넉넉히 들어있어서 마음에 듭니다~	1
5		바르고 나면 수분이 촉촉하게 유지되고 좋네요바르고 난뒤	바르고 나면 수분이 촉촉하게 유지되고 좋네요바르고 난뒤	1
5		바지 허리가 약간씩 커져서 전부 수선을 해야하나 고민하	바지 허리가 약간씩 커져서 전부 수선을 해야하나 고민하	1
5		박시하게 입고 싶으면 정사이즈 아니면 한 치수 작게 사	박시하게 입고 싶으면 정사이즈 아니면 한 치수 작게 사	1
5		받는분이 만족하시네요	받는분이 만족하시네요	1
5		받자마자 딱딱한 돌인줄 알았지만ㅋㅋㅋㅋ 해동 안해서그런	받자마자 딱딱한 돌인줄 알았지만ㅋㅋㅋㅋ 해동 안해서그런	1
5		발효종통밀빵 냉동제품이라 첨엔 웬 돌덩이인가 했지만 잠	발효종통밀빵 냉동제품이라 첨엔 웬 돌덩이인가 했지만 잠	1
5		방금 샤워하고나온 향향이 오래가는것 같고향이 좋으네요^	방금 샤워하고나온 향향이 오래가는것 같고향이 좋으네요^	1
5		배송도 빠르고 상태도 좋습니다.자급제가 처음이라 여러가	배송도 빠르고 상태도 좋습니다.자급제가 처음이라 여러가	1
5		배송도 빠르고 재질도 얇고 시원하게 잘 입을수 있을거	배송도 빠르고 재질도 얇고 시원하게 잘 입을수 있을거	1
5		배송오자마자 입고 다녔어요. 남여공용이라  M사이즈 주	배송오자마자 입고 다녔어요. 남여공용이라  M사이즈 주	1
5		벹트가 아예 없어서 이번에 구매를 해봤습니다소가죽으로	벹트가 아예 없어서 이번에 구매를 해봤습니다소가죽으로	1
5		뷔페가서 먹어본듯해요 연어에 곁들여먹는 하얀소스맛??샤	뷔페가서 먹어본듯해요 연어에 곁들여먹는 하얀소스맛??샤	1
5		사이즈가 작다는 리뷰도 은근 많았지만 정사이즈로 구매	사이즈가 작다는 리뷰도 은근 많았지만 정사이즈로 구매	1
5		상품 배송이 빠르고 금액대비 촉감이 좋고 색상도 맘에	상품 배송이 빠르고 금액대비 촉감이 좋고 색상도 맘에	1
5		상품평 보니 제대로 안된다는 글이 있어 고민하다가 구매	상품평 보니 제대로 안된다는 글이 있어 고민하다가 구매	1
5		색 너무이뻐요오오코랄섞인 핑큰데 착색은 핑크쪽이 더 가	색 너무이뻐요오오코랄섞인 핑큰데 착색은 핑크쪽이 더 가	1
5		색 예뻐요. 단독으로 써도 괜찮고 베이스로 써도 좋습니	색 예뻐요. 단독으로 써도 괜찮고 베이스로 써도 좋습니	1
5		색도이쁘고 금방크는아이에게 가격도 딱너무 좋아요~!!	색도이쁘고 금방크는아이에게 가격도 딱너무 좋아요~!!	1
5		색상이  튀지도 않고 맘에 드네요 마스크를 쓰고 다니다	색상이  튀지도 않고 맘에 드네요 마스크를 쓰고 다니다	1
5		생각보다 발목 시보리(?)가 커요. 발목에 챱 달라붙는	생각보다 발목 시보리(?)가 커요. 발목에 챱 달라붙는	1
5		생각보다 잘 늘어나는 재질이고 가디건 색이 완전한 화이	생각보다 잘 늘어나는 재질이고 가디건 색이 완전한 화이	1
5		생각보다 큼.55샀어도 되나?싶은데 태어나서 55를 입	생각보다 큼.55샀어도 되나?싶은데 태어나서 55를 입	1
5		선물로  드렸는데    너무 만족하셔서  저도  쓸려고	선물로  드렸는데    너무 만족하셔서  저도  쓸려고	1
5		선물용으로 구입했는데 마음에 들어하네요~~ 색깔도 사진	선물용으로 구입했는데 마음에 들어하네요~~ 색깔도 사진	1
5		선물하려고 구매했어요 ,사용하는 거라 고민없이 구매했어	선물하려고 구매했어요 ,사용하는 거라 고민없이 구매했어	1
5		성분 좋고 가격 싸고 ~ 쿠폰적용해서 8000 정도에	성분 좋고 가격 싸고 ~ 쿠폰적용해서 8000 정도에	1
5		성분도 순하고 완전 짱 촉촉해용 팩꺼내고 나서 남아있는	성분도 순하고 완전 짱 촉촉해용 팩꺼내고 나서 남아있는	1
5		수부지가 엄청 심해서 양볼은 갈라질 정도로 건조한데 T	수부지가 엄청 심해서 양볼은 갈라질 정도로 건조한데 T	1
5		수부지에겐 단점이 없는게 장점이네여스킨팩으로 아낌없이	수부지에겐 단점이 없는게 장점이네여스킨팩으로 아낌없이	1
5		수분층이랑 오일층으로 분리되어있는 더블 캐어 미스트에요	수분층이랑 오일층으로 분리되어있는 더블 캐어 미스트에요	1
5		순한 제품 좋은 가격에 들고 갑니다~	순한 제품 좋은 가격에 들고 갑니다~	1
5		스커트  너무 맘에 들고 정말 이쁩니다배송도 엄청 빠르	스커트  너무 맘에 들고 정말 이쁩니다배송도 엄청 빠르	1
5		스판력이 좋아서 허리 허벅지 다 편해요.몸에 딱 맞는데	스판력이 좋아서 허리 허벅지 다 편해요.몸에 딱 맞는데	1
5		시트팩은 이것만 써요	시트팩은 이것만 써요	1
5		신랑 팬티 오래된것들 버리고 새걸로 봐꿔줬네요~포장하나	신랑 팬티 오래된것들 버리고 새걸로 봐꿔줬네요~포장하나	1
5		실내복 따스하니 아이가 잘 입네요. 디자인도 귀엽고,	실내복 따스하니 아이가 잘 입네요. 디자인도 귀엽고,	1
5		실내에서 입으려고 주문했어요  이거입고 보일러를 좀낮추	실내에서 입으려고 주문했어요  이거입고 보일러를 좀낮추	1
5		싸고 품질 좋습니다	싸고 품질 좋습니다	1
5		써봤는데 정말 한번 짜서 바르면 건조하더라고요 그래도	써봤는데 정말 한번 짜서 바르면 건조하더라고요 그래도	1
5		쓰던 립밤이 다 떨어져서 구매했어요보통은 그냥 투명한	쓰던 립밤이 다 떨어져서 구매했어요보통은 그냥 투명한	1
5		아는 언니오빠부부 애기 선물로 드렸는데좋아하시더라구요!	아는 언니오빠부부 애기 선물로 드렸는데좋아하시더라구요!	1
5		아들이 군에 있을 때 선물로 보내와서 사용해 본 제품입	아들이 군에 있을 때 선물로 보내와서 사용해 본 제품입	1
5		아이보리 하나 가지고 싶어서 주문이요오얼굴이 화서해 보	아이보리 하나 가지고 싶어서 주문이요오얼굴이 화서해 보	1
5		아이오페꺼 처음 써봐요 가격도 좋고 자극적이지도 않네요	아이오페꺼 처음 써봐요 가격도 좋고 자극적이지도 않네요	1
5		아주 좋아요.마음에 들어요!삼성페이 되는거 너무 만족스	아주 좋아요.마음에 들어요!삼성페이 되는거 너무 만족스	1
5		아주 좋아요일단 향이 엄청 상큼하고 달달합니다크림이지만	아주 좋아요일단 향이 엄청 상큼하고 달달합니다크림이지만	1
5		아주 좋음	아주 좋음	1
5		아픈 여드름이 들어 가고 있어요. 요새 마스크랑 미세먼	아픈 여드름이 들어 가고 있어요. 요새 마스크랑 미세먼	1
5		안녕하세요  복덩이 맘입니다.  아들이 36개월 되는데	안녕하세요  복덩이 맘입니다.  아들이 36개월 되는데	1
5		애낳고 뱃살이 튜브라 바지도 속옷도 하이웨스트로 올라와	애낳고 뱃살이 튜브라 바지도 속옷도 하이웨스트로 올라와	1
5		애용하는 제품이라 믿음이 갑니다	애용하는 제품이라 믿음이 갑니다	1
5		야근대용량 일리윤 아토 로션 13개월 아기한테 사용하려	야근대용량 일리윤 아토 로션 13개월 아기한테 사용하려	1
5		약간 무게감은 있지만 연보라빛이 아주 이뻐요 응대도 친	약간 무게감은 있지만 연보라빛이 아주 이뻐요 응대도 친	1
5		얇고 밀착력이 좋아요.두꺼운건 잘떨어지던데 잘붙어 있어	얇고 밀착력이 좋아요.두꺼운건 잘떨어지던데 잘붙어 있어	1
5		양도 않고향도 좋고다 맘에 듭니다.아침 세안용으로 딱이	양도 않고향도 좋고다 맘에 듭니다.아침 세안용으로 딱이	1
5		어린이집 졸업사진찍으려고  샀어요흰티에 청바지  저는	어린이집 졸업사진찍으려고  샀어요흰티에 청바지  저는	1
5		어버이날이 다가와서 시어머님 선물로 구매했어요❤️용돈도	어버이날이 다가와서 시어머님 선물로 구매했어요❤️용돈도	1
5		엄청 근적끈적 늘어나는 제형이에요! 그만큼 촉촉하고 속	엄청 근적끈적 늘어나는 제형이에요! 그만큼 촉촉하고 속	1
5		에센스보다는 그냥 로션 느낌입니다나이트 용으로 샀는데	에센스보다는 그냥 로션 느낌입니다나이트 용으로 샀는데	1
5		여름에도 에어컨 바람, 가을 들어서면서부터 건조해져서	여름에도 에어컨 바람, 가을 들어서면서부터 건조해져서	1
5		여름이라  얼굴에 열기가득  ㅡ.ㅡ그러다보니 피부탄력도	여름이라  얼굴에 열기가득  ㅡ.ㅡ그러다보니 피부탄력도	1
5		여름이라 다이어트중인데 살이 빠져서 바지가 조금 헐렁해	여름이라 다이어트중인데 살이 빠져서 바지가 조금 헐렁해	1
5		연휴이고 토요일에 구매했는데 일요일 배송해 주셨네요 역	연휴이고 토요일에 구매했는데 일요일 배송해 주셨네요 역	1
5		예뻐요4세 남아인데 5세까지만쓸수있을것같아요.싸게잘샀어	예뻐요4세 남아인데 5세까지만쓸수있을것같아요.싸게잘샀어	1
5		예전에 마유 처음 나왔을때 일본에서 사온거 썼었는데 그	예전에 마유 처음 나왔을때 일본에서 사온거 썼었는데 그	1
5		예전에 향 좋았던 기억이 있어서 재구매처음 뿌린거라 향	예전에 향 좋았던 기억이 있어서 재구매처음 뿌린거라 향	1
5		예전에도 바지 주문 해서 잘 입고 있었습니다 그 전에	예전에도 바지 주문 해서 잘 입고 있었습니다 그 전에	1
5		오~ 생각외로 넘나이쁨팔길이도 딱 적당히길고..(원숭이	오~ 생각외로 넘나이쁨팔길이도 딱 적당히길고..(원숭이	1
5		오~가격대비 좋아요~보통 원피스는 목이 라운드인데 차이	오~가격대비 좋아요~보통 원피스는 목이 라운드인데 차이	1
5		오뚜기 콤비네이션 피자 (냉동), 415g, 3개쉬는동	오뚜기 콤비네이션 피자 (냉동), 415g, 3개쉬는동	1
5		오자마자 토스트 해먹고 묶어두었어요 ㅋㅋㅋ곰곰 브랜드꺼	오자마자 토스트 해먹고 묶어두었어요 ㅋㅋㅋ곰곰 브랜드꺼	1
5		오후에 배송받고 실험사마 바로쓰싹쓰싹발라봤어요~~~~저	오후에 배송받고 실험사마 바로쓰싹쓰싹발라봤어요~~~~저	1
5		옷 소매가 좀 길긴한데 전체적으로 옷이 넘 예쁘네요.	옷 소매가 좀 길긴한데 전체적으로 옷이 넘 예쁘네요.	1
5		옷너무 편하고 막입기 좋은옷 남편이랑 같이 입는데 둘다	옷너무 편하고 막입기 좋은옷 남편이랑 같이 입는데 둘다	1
5		옷이넘이뻐요9.3kg저희아이 돌잔치할수없어서 집에서가족	옷이넘이뻐요9.3kg저희아이 돌잔치할수없어서 집에서가족	1
5		요즘 날씨가 너무 건조해서 그런지 피부 당김도 너무 심	요즘 날씨가 너무 건조해서 그런지 피부 당김도 너무 심	1
5		요즘 사마귀에다가  얼굴이 뒤집어지기 일쑤 인데 요즘	요즘 사마귀에다가  얼굴이 뒤집어지기 일쑤 인데 요즘	1
5		원래 리뷰안쓰눈데 따봉임	원래 리뷰안쓰눈데 따봉임	1
5		원래쓰던 거랑 병이 다른데 리뉴얼 된거겠죠?!효과는 좋	원래쓰던 거랑 병이 다른데 리뉴얼 된거겠죠?!효과는 좋	1
5		원복 안에 입히려구 구매했어요.. 고민하다 120 13	원복 안에 입히려구 구매했어요.. 고민하다 120 13	1
5		유명한 향수, 선호하고 인기 좋은 향수는 피했어요.왜냐	유명한 향수, 선호하고 인기 좋은 향수는 피했어요.왜냐	1
5		유명해서 사봤는데 끈적거리지도 않고 너무 보송거리지도	유명해서 사봤는데 끈적거리지도 않고 너무 보송거리지도	1
5		유투버가추천하길래마침산뜻한썬크림하나필요했어서주문했습니다	유투버가추천하길래마침산뜻한썬크림하나필요했어서주문했습니다	1
5		이가격에 퀄리티 괜찮네요 두깨 좀 있어서 초겨울까진 입	이가격에 퀄리티 괜찮네요 두깨 좀 있어서 초겨울까진 입	1
5		이거 좋아요,사세요. 아주 촉촉하고 시트도 부드러움	이거 좋아요,사세요. 아주 촉촉하고 시트도 부드러움	1
5		이미지랑 똑같아요. 박스위에 보통 이중포장이 되어서 오	이미지랑 똑같아요. 박스위에 보통 이중포장이 되어서 오	1
5		이제야 쓰러왔네요^^~ 좋아요 두께도 좋고 아이가 입었	이제야 쓰러왔네요^^~ 좋아요 두께도 좋고 아이가 입었	1
5		인생팬티네요~ 착용감 좋고 세탁을 한번 해봤는데(+건조	인생팬티네요~ 착용감 좋고 세탁을 한번 해봤는데(+건조	1
5		일단 제피부 타입은 지성건성 다섞여있어요~~!이런따뜻한	일단 제피부 타입은 지성건성 다섞여있어요~~!이런따뜻한	1
5		일반 기모재질보다 두꺼운 기모? 융기모? 뭐 그런거라	일반 기모재질보다 두꺼운 기모? 융기모? 뭐 그런거라	1
5		자극 없이 잘 발리네요눈시림도 없고 어느 정도 피부톤을	자극 없이 잘 발리네요눈시림도 없고 어느 정도 피부톤을	1
5		작년이때쯤 90호 다른색상 주문해서 입었었어요길이가 길	작년이때쯤 90호 다른색상 주문해서 입었었어요길이가 길	1
5		작은아이 입을려고 구매했습니다.아이들 덕분에 명절 기분	작은아이 입을려고 구매했습니다.아이들 덕분에 명절 기분	1
5		재구매 백만 번했어요!!!!피부가 원래좋긴하지만 다들	재구매 백만 번했어요!!!!피부가 원래좋긴하지만 다들	1
5		재질 좋음. 난 보풀 안 일어나던데...하나 더 구매하	재질 좋음. 난 보풀 안 일어나던데...하나 더 구매하	1
5		저자극딥클렌징으로 모공케어까지 해주는 클렌징이라니화장&	저자극딥클렌징으로 모공케어까지 해주는 클렌징이라니화장&	1
5		정사이즈고재질도 좋고보온성도 좋고 하여재구매 하였습니다	정사이즈고재질도 좋고보온성도 좋고 하여재구매 하였습니다	1
5		정품 코드 제대로 붙어있는 제품 받았구요 가품인지 혹시	정품 코드 제대로 붙어있는 제품 받았구요 가품인지 혹시	1
5		제가 일리윤 집중 아토크림을 오랫동안 써오다가더워지기	제가 일리윤 집중 아토크림을 오랫동안 써오다가더워지기	1
5		제가지성피부라 화장품쪽관련해선 좀 예민한편이라서 이것저	제가지성피부라 화장품쪽관련해선 좀 예민한편이라서 이것저	1
5		제키가160에 요즘살이좀붙어서55반정도 입어요 기장 소	제키가160에 요즘살이좀붙어서55반정도 입어요 기장 소	1
5		젤네일 한쪽을 드러내주고 톡톡 방울을 떨여뜨려서 살살	젤네일 한쪽을 드러내주고 톡톡 방울을 떨여뜨려서 살살	1
5		좌우너비는 딱좋은데 위아래가 살짝짧네요 이쁩니다	좌우너비는 딱좋은데 위아래가 살짝짧네요 이쁩니다	1
5		중 고딩 유행 중	중 고딩 유행 중	1
5		지속력도 좋고 피부에 발랐을때 예쁘게 보여서 마음이 들	지속력도 좋고 피부에 발랐을때 예쁘게 보여서 마음이 들	1
5		진정효과가 뛰어나고 앰플용량이 많고 풍부 하네요 눈가	진정효과가 뛰어나고 앰플용량이 많고 풍부 하네요 눈가	1
5		집에 청바지 면바지 많아서 코디할 니트 찾다가 모델 입	집에 청바지 면바지 많아서 코디할 니트 찾다가 모델 입	1
5		집에서 간편히 입으려고 큰사이즈로 구매했어요세탁해도 물	집에서 간편히 입으려고 큰사이즈로 구매했어요세탁해도 물	1
5		집에있는 80 옷들이 작길래85사기엔 애매하고 해서90	집에있는 80 옷들이 작길래85사기엔 애매하고 해서90	1
5		쫀득한게 맘에 드네요...근데 우리 딸아이에게 빼앗겨서	쫀득한게 맘에 드네요...근데 우리 딸아이에게 빼앗겨서	1
5		차앤박처돌인데 미스트도 차앤박이좋아요 ㅎ완전 안개분사라	차앤박처돌인데 미스트도 차앤박이좋아요 ㅎ완전 안개분사라	1
5		처음 오는 것은 좀 용기에 하자가 있어서 사용하는 것	처음 오는 것은 좀 용기에 하자가 있어서 사용하는 것	1
5		초1 입학하는 조카선물입니다평소사이즈120 그래서 주문	초1 입학하는 조카선물입니다평소사이즈120 그래서 주문	1
5		초3안에 이너로 입히려고 샀어요~ 17호 넉넉하게입어서	초3안에 이너로 입히려고 샀어요~ 17호 넉넉하게입어서	1
5		촉감도 색상도 길이도 다 좋아요	촉감도 색상도 길이도 다 좋아요	1
5		촉감이 포근하고 뽀송뽀송해서 너무 마음에들어서 색상별로	촉감이 포근하고 뽀송뽀송해서 너무 마음에들어서 색상별로	1
5		촉촉하고 2번구매하고 온식구 다 쓰고. 있습니다넘 마음	촉촉하고 2번구매하고 온식구 다 쓰고. 있습니다넘 마음	1
5		촉촉함	촉촉함	1
5		추워서 입으려고 구매했는데히트텍보다 저는 더 따뜻하고좋	추워서 입으려고 구매했는데히트텍보다 저는 더 따뜻하고좋	1
5		추워진 날씨탓에 사무실 히터를 틀면서너무 건조해ㅓ 미스	추워진 날씨탓에 사무실 히터를 틀면서너무 건조해ㅓ 미스	1
5		친구가 작은싸이즈 하나 줘서 사용해보고 쿠팡에서도 파는	친구가 작은싸이즈 하나 줘서 사용해보고 쿠팡에서도 파는	1
5		친한 동생 생일선물로 줬는데 아주 좋아하네요 분사력도	친한 동생 생일선물로 줬는데 아주 좋아하네요 분사력도	1
5		케이스가 없어  자꾸 핸드폰이떨어져서  케이스 구입했는	케이스가 없어  자꾸 핸드폰이떨어져서  케이스 구입했는	1
5		쿠팡에서 판매자상품 구매하면서 배송비 맞추려고 별 기대	쿠팡에서 판매자상품 구매하면서 배송비 맞추려고 별 기대	1
5		크림쭉~~  쓰다 세럼은 간만에 주문했습니다.가격대비	크림쭉~~  쓰다 세럼은 간만에 주문했습니다.가격대비	1
5		큰거 시켰는데 면도 좋구 가성비갑!! 편하고 이 가격에	큰거 시켰는데 면도 좋구 가성비갑!! 편하고 이 가격에	1
5		클렌저 제품이 다양하긴 한데 저는 알갱이가 들어있는 스	클렌저 제품이 다양하긴 한데 저는 알갱이가 들어있는 스	1
5		키 170에 몸무게 80입니다겉옷이라서 한치수 크게 오	키 170에 몸무게 80입니다겉옷이라서 한치수 크게 오	1
5		키 172에 77사이즈 입는 여자입니다.인터넷으로 상의	키 172에 77사이즈 입는 여자입니다.인터넷으로 상의	1
5		타사 85보다 많이 큽니다 그래서 이 여름에 입히기	타사 85보다 많이 큽니다 그래서 이 여름에 입히기	1
5		티존부위만 지성이고ㅠ볼부위는 넘 건성이라..요즘 건조해	티존부위만 지성이고ㅠ볼부위는 넘 건성이라..요즘 건조해	1
5		틴트를 즐겨바르는 편인데, 색상 고민하다가 연한 빛이	틴트를 즐겨바르는 편인데, 색상 고민하다가 연한 빛이	1
5		패키지 예뻐서 선물용으로도 좋을것같아요펌프 입구가 좁은	패키지 예뻐서 선물용으로도 좋을것같아요펌프 입구가 좁은	1
5		팩이 똑 떨어져서 빠르게 구매했는데 칼배송 감사해요^^	팩이 똑 떨어져서 빠르게 구매했는데 칼배송 감사해요^^	1
5		편안하네요잘 늘어나서 입고 벗고 움직이기에 편안했고부드	편안하네요잘 늘어나서 입고 벗고 움직이기에 편안했고부드	1
5		편하고 맘에 들어요. 2동안 쓰고 있는데 아직도 상태	편하고 맘에 들어요. 2동안 쓰고 있는데 아직도 상태	1
5		평소 120 약간 여유있게 입는데 이 팬티도 약간 여유	평소 120 약간 여유있게 입는데 이 팬티도 약간 여유	1
5		평소 95사이즈 입는데 한치수 크게 주문을 권하는 상품	평소 95사이즈 입는데 한치수 크게 주문을 권하는 상품	1
5		평소에 끈적임 싫어하고,기초 바른 후 시간이 지나면 얼	평소에 끈적임 싫어하고,기초 바른 후 시간이 지나면 얼	1
5		품질이아주조아요   마음에쏙~들어요!다음에도또살게요!상	품질이아주조아요   마음에쏙~들어요!다음에도또살게요!상	1
5		피부가 기미랑 여드름흉터가 있어서 커버를중요시 하는데	피부가 기미랑 여드름흉터가 있어서 커버를중요시 하는데	1
5		피부톤이 많이 좋아진것 같은데 기미는 아직 모르겠네요.	피부톤이 많이 좋아진것 같은데 기미는 아직 모르겠네요.	1
5		피지 관리할겸 클렌징 오일 구매했어요~~ 용량대비 가격	피지 관리할겸 클렌징 오일 구매했어요~~ 용량대비 가격	1
5		핏도 괜찮고 다 좋은데 원단에 보풀이 심하게 생기네요.	핏도 괜찮고 다 좋은데 원단에 보풀이 심하게 생기네요.	1
5		핑크 블랙 모카이렇게 3개 구매했는데~~다른색상도 구매	핑크 블랙 모카이렇게 3개 구매했는데~~다른색상도 구매	1
5		하루에 두번 발라요아침 저녁으로~~~특히 양치하고 나면	하루에 두번 발라요아침 저녁으로~~~특히 양치하고 나면	1
5		한 끼 식사대용으로 또는 야식대용으로 가볍게?! 먹기	한 끼 식사대용으로 또는 야식대용으로 가볍게?! 먹기	1
5		한달 보유 폐기하려고 글 남깁니다. 별점은 구매자 분들	한달 보유 폐기하려고 글 남깁니다. 별점은 구매자 분들	1
5		한달째 사용중인데 좋습니다보통 바지는 xl 입는데 이건	한달째 사용중인데 좋습니다보통 바지는 xl 입는데 이건	1
5		한톤 업해서 주문하니 딱 좋네여!‘	한톤 업해서 주문하니 딱 좋네여!‘	1
5		한통에 2개 들어있어서 하나는 집, 하나는 사무실에서	한통에 2개 들어있어서 하나는 집, 하나는 사무실에서	1
5		항상 먹는건데 맛있어요~	항상 먹는건데 맛있어요~	1
5		항상 블랙티 시리즈(엠플,로션,스킨)만 써보다가 비슷하	항상 블랙티 시리즈(엠플,로션,스킨)만 써보다가 비슷하	1
5		향수 완전 초초초초초 입문자입니다.갑자기 향수에 꽂혀서	향수 완전 초초초초초 입문자입니다.갑자기 향수에 꽂혀서	1
5		향이 세지 않아서 오히려 좋아요. 촉촉해요.	향이 세지 않아서 오히려 좋아요. 촉촉해요.	1
5		혼자 피자먹고싶을 때..아. 이거 너무 사이즈 딱 1인	혼자 피자먹고싶을 때..아. 이거 너무 사이즈 딱 1인	1
5	# 내돈내산 # 올인원 # 하나만 바르면 끝!	☘️   구입 상품 : 퓨어덤 남성용 옴므 아쿠아 올인	# 내돈내산 # 올인원 # 하나만 바르면 끝! ☘️   구입 상품 : 퓨어덤 남성용 옴므 아쿠아 올인	1
5	#남성화장품 올인원#	저희남편은 올인원을 무지 사랑합니다..ㅋㅋ현재사용중인	#남성화장품 올인원# 저희남편은 올인원을 무지 사랑합니다..ㅋㅋ현재사용중인	1
5	#무봉제 #노라인 #가볍고 #산뜻한착용감	@구입일:23/07/18@배송일:23/07/19 오후@	#무봉제 #노라인 #가볍고 #산뜻한착용감 @구입일:23/07/18@배송일:23/07/19 오후@	1
5	163, 55키로인데 s	이쁘게 잘 맞아요^^ 너무 부드럽고 편해요	163, 55키로인데 s 이쁘게 잘 맞아요^^ 너무 부드럽고 편해요	1
5	16개월 아가 잘 입었어요	살짝 헐거워서 편하게 잘 입었습니다젖어도 입고 벗기기	16개월 아가 잘 입었어요 살짝 헐거워서 편하게 잘 입었습니다젖어도 입고 벗기기	1
5	1일1팩 가성비 좋아요~	안녕하세요~!! 요즘 겨울철이라 얼굴도 푸석푸석하고 많	1일1팩 가성비 좋아요~ 안녕하세요~!! 요즘 겨울철이라 얼굴도 푸석푸석하고 많	1
5	1차 세안으로 좋은 BHA 클렌징 오일	실제 사용 후기 남겨요클렌징 오일 중에서도 제형이 조금	1차 세안으로 좋은 BHA 클렌징 오일 실제 사용 후기 남겨요클렌징 오일 중에서도 제형이 조금	1
5	1콧 발색 쨍하니 이뻐요	한 번 발림도 쨍하게 발리니 이쁘네용 초록 매니큐어가	1콧 발색 쨍하니 이뻐요 한 번 발림도 쨍하게 발리니 이쁘네용 초록 매니큐어가	1
5	23호 아닙니다 톤은 21.5호입니다	마지막 사진 참고 하세요 진심 차이 없어요 보통 21	23호 아닙니다 톤은 21.5호입니다 마지막 사진 참고 하세요 진심 차이 없어요 보통 21	1
5	2way로 사용할 수 있는 보습 오일미스트 굿굿!	가볍게 사용하고 싶을 때는 흔들지 않고 사용하고, 깊은	2way로 사용할 수 있는 보습 오일미스트 굿굿! 가볍게 사용하고 싶을 때는 흔들지 않고 사용하고, 깊은	1
5	30초반 여성 건성피부타입	몇년 째 나와 함께하고 있는 피지오겔ㅠㅠㅠ라뷰여름엔 뭐	30초반 여성 건성피부타입 몇년 째 나와 함께하고 있는 피지오겔ㅠㅠㅠ라뷰여름엔 뭐	1
5	3년째 사용중	재재재재구매입니다.7스킨까진 아니어도 4번정도씩은 쓰는	3년째 사용중 재재재재구매입니다.7스킨까진 아니어도 4번정도씩은 쓰는	1
5	4세 남아 맞아요	배변훈련중이라 팬티가 많이 필요한데 잘 쓰고 잇어요	4세 남아 맞아요 배변훈련중이라 팬티가 많이 필요한데 잘 쓰고 잇어요	1
5	5살 여아입니다	원복안에 입을 옷인데 잘 샀어요재질도 면이라 좋네요여아	5살 여아입니다 원복안에 입을 옷인데 잘 샀어요재질도 면이라 좋네요여아	1
5	8월에 구매한 역시즌 큐티 꿀템	여름이라 아기 썬캡 구경하다가 관련링크 타고 어쩌다보니	8월에 구매한 역시즌 큐티 꿀템 여름이라 아기 썬캡 구경하다가 관련링크 타고 어쩌다보니	1
5	S라인 지리는 티셔츠!	쫀쫀한 재질이라 몸매라인이 살아서 너무 이쁩니다!야들야	S라인 지리는 티셔츠! 쫀쫀한 재질이라 몸매라인이 살아서 너무 이쁩니다!야들야	1
5	★어두운 피부는 이제 나에게 흠도 아니다★	요즘들어 낮빛이 어둡다고 해야하나?피로떄문인지 얼굴이	★어두운 피부는 이제 나에게 흠도 아니다★ 요즘들어 낮빛이 어둡다고 해야하나?피로떄문인지 얼굴이	1
5	❤❤❤세상 편한 올인원❤❤❤	여름엔 여자인 저도 얼굴에 이것저것 챙겨바르기 귀찮더라	❤❤❤세상 편한 올인원❤❤❤ 여름엔 여자인 저도 얼굴에 이것저것 챙겨바르기 귀찮더라	1
5	⭐ 통기성 + 다양한 색상 + 시원한 소재 굿!! ⭐	"\"[제품명 : 테라우드 남성 퍼스트에디션 드로즈 팬티"	"⭐ 통기성 + 다양한 색상 + 시원한 소재 굿!! ⭐ \"[제품명 : 테라우드 남성 퍼스트에디션 드로즈 팬티"	1
5	가격도 착하고 부담없이 쓰기 좋아 재구입~	일단 저는 재구입이에요.저번에 남편과 하나씩 나눠쓰려고	가격도 착하고 부담없이 쓰기 좋아 재구입~ 일단 저는 재구입이에요.저번에 남편과 하나씩 나눠쓰려고	1
5	가격도 착하고 예뻐요!! ㅎㅎ	생후 2개월 아기치고 조금 큰편인데너무너무 예뻐요!!!	가격도 착하고 예뻐요!! ㅎㅎ 생후 2개월 아기치고 조금 큰편인데너무너무 예뻐요!!!	1
5	가격이상 좋은 제품	수분크림 제품이 정말 많죠 저는 일단 듬뿍듬뿍 바를 수	가격이상 좋은 제품 수분크림 제품이 정말 많죠 저는 일단 듬뿍듬뿍 바를 수	1
5	가격착하고 구성좋네요	161.45키로 허리22제가 44핏 xs싸이즈를  입고	가격착하고 구성좋네요 161.45키로 허리22제가 44핏 xs싸이즈를  입고	1
5	가격치곤 괜찮은 퀄리티, 가성비 좋음	가성비가 매우 좋습니다, 받아봤을때 놀랐던 점이 매우	가격치곤 괜찮은 퀄리티, 가성비 좋음 가성비가 매우 좋습니다, 받아봤을때 놀랐던 점이 매우	1
5	가볍고 좋아요	아들램 사줬어요아직 입기전이고 세탁기에 돌려 햇빛에 말	가볍고 좋아요 아들램 사줬어요아직 입기전이고 세탁기에 돌려 햇빛에 말	1
5	가성비   잘쓰고있습니다	사양높은 리퍼 제품구매하려 고민하다가 이제품 선택해서잘	가성비   잘쓰고있습니다 사양높은 리퍼 제품구매하려 고민하다가 이제품 선택해서잘	1
5	가성비 좋아요	저는 세수 후 닦토 -> 7스킨 -> 스킨팩 순으로 하	가성비 좋아요 저는 세수 후 닦토 -> 7스킨 -> 스킨팩 순으로 하	1
5	가성비 최고	비타민c앰플에선 가성비 최고인듯해요.좋은 성분들이 잘	가성비 최고 비타민c앰플에선 가성비 최고인듯해요.좋은 성분들이 잘	1
5	가성비 최고의 식빵/1장당 칼로리/총 몇장?	✅ 제품명곰곰 우유식빵, 660g, 1개✅주문일자202	가성비 최고의 식빵/1장당 칼로리/총 몇장? ✅ 제품명곰곰 우유식빵, 660g, 1개✅주문일자202	1
5	가성비 최고의 제품	어느날 피부과 의사 유튜브보고 비타민c제품은 무조건 써	가성비 최고의 제품 어느날 피부과 의사 유튜브보고 비타민c제품은 무조건 써	1
5	가성비는 좋네요.		가성비는 좋네요.	1
5	각질 고민이면 바로 구매하세요!!	안녕하세요 저는 입술 각질이 고민이여서 구매하게된 라네	각질 고민이면 바로 구매하세요!! 안녕하세요 저는 입술 각질이 고민이여서 구매하게된 라네	1
5	간도 좋고 괜찮았어요	오뚜기의 칼칼한 돼지고기김치찜 180gx2개를 주문을	간도 좋고 괜찮았어요 오뚜기의 칼칼한 돼지고기김치찜 180gx2개를 주문을	1
5	간편한 폼클렌징	간편하고 휴대하기 좋고 저렴하게 막 사용하기 좋은 클렌	간편한 폼클렌징 간편하고 휴대하기 좋고 저렴하게 막 사용하기 좋은 클렌	1
5	감사해요~	얇긴한데 땀이 나면 금방 마를것같아요~목부분은 늘어나지	감사해요~ 얇긴한데 땀이 나면 금방 마를것같아요~목부분은 늘어나지	1
5	갓성비크림!!	엄청 촉촉하고 화장할때 밀리지않아서 너무 좋아요!!	갓성비크림!! 엄청 촉촉하고 화장할때 밀리지않아서 너무 좋아요!!	1
5	강추강추	고가의  알로에겔 제품보다 알코올향이 없어서 얼굴에 바	강추강추 고가의  알로에겔 제품보다 알코올향이 없어서 얼굴에 바	1
5	개인적으로 최애탬!	유분이 있는 크림을 바르면 뽀루지가 올라오고  수분크림	개인적으로 최애탬! 유분이 있는 크림을 바르면 뽀루지가 올라오고  수분크림	1
5	거품이 잘일고 너무 좋아요~	이 제품 정말 물건이에요 ㅎ지금 사용하는 제품이  유명	거품이 잘일고 너무 좋아요~ 이 제품 정말 물건이에요 ㅎ지금 사용하는 제품이  유명	1
5	건조함을 잘 잡아줘요	기온이 내려느가니 피부가 바로 건조해지네요센텔리안 2종	건조함을 잘 잡아줘요 기온이 내려느가니 피부가 바로 건조해지네요센텔리안 2종	1
5	계속 들어가요  입으로  ♡♡♡	견과류  좋은건  다  아시는   사실굿입니다 ♡♡♡♡	계속 들어가요  입으로  ♡♡♡ 견과류  좋은건  다  아시는   사실굿입니다 ♡♡♡♡	1
5	고소한 냄새 폴폴풍기는 촉촉한식빵^^	❤️구매동기토스트 해먹는걸 무지 좋아합니당^^큰아이도	고소한 냄새 폴폴풍기는 촉촉한식빵^^ ❤️구매동기토스트 해먹는걸 무지 좋아합니당^^큰아이도	1
5	괜찮아요	제가 어깨가 넓고 팔뚝이 있어요,팔뚝쪽이 살짝 끼어요	괜찮아요 제가 어깨가 넓고 팔뚝이 있어요,팔뚝쪽이 살짝 끼어요	1
5	괜찮은것 같아요~	딸아이 얼굴에 좁쌀처럼 올라오길래 같이 쓰려고 사봤어요	괜찮은것 같아요~ 딸아이 얼굴에 좁쌀처럼 올라오길래 같이 쓰려고 사봤어요	1
5	괜찮은제품인거 같아요	저는 30대초반 남자입니다야외 운동이 많아서 끈적이거나	괜찮은제품인거 같아요 저는 30대초반 남자입니다야외 운동이 많아서 끈적이거나	1
5	굉장히 좋아요!	어제 처음사용해보았는데 제 피부가 예민한 타입이라기존에	굉장히 좋아요! 어제 처음사용해보았는데 제 피부가 예민한 타입이라기존에	1
5	국민간식	잘먹겠습니다 항상 우리아이가 요것만 먹어요또 주문할게요	국민간식 잘먹겠습니다 항상 우리아이가 요것만 먹어요또 주문할게요	1
5	굳	매년 버릇처럼 구입하던 제품 중 하나입니다.코 시국에	굳 매년 버릇처럼 구입하던 제품 중 하나입니다.코 시국에	1
5	굳	향은 거의 무향이예요! 닥터방기원 샴푸 잘쓰다가 립밤도	굳 향은 거의 무향이예요! 닥터방기원 샴푸 잘쓰다가 립밤도	1
5	굿	110딱맞게입히니 이쁘네요 4살아이가 좋아합니다	굿 110딱맞게입히니 이쁘네요 4살아이가 좋아합니다	1
5	굿	맘에 쏘옥 들었어요.향도 거의 없었고요.바르면서 손등에	굿 맘에 쏘옥 들었어요.향도 거의 없었고요.바르면서 손등에	1
5	굿	여행다녀와서 피부가 너무 타고 따가워서 구매했어요! 우	굿 여행다녀와서 피부가 너무 타고 따가워서 구매했어요! 우	1
5	굿!!!품질 제질 굿!! 이뽀요	굿굿!!! 상품설명과 동일하네요 포인트로 딱이네요 청바	굿!!!품질 제질 굿!! 이뽀요 굿굿!!! 상품설명과 동일하네요 포인트로 딱이네요 청바	1
5	굿!굿! 여름엔 관리해줘야죠^^	40매 중에 4개째 사용중~4종류가 있는데 마스크팩이	굿!굿! 여름엔 관리해줘야죠^^ 40매 중에 4개째 사용중~4종류가 있는데 마스크팩이	1
5	굿굿 대만족 미니말고 본용량도 사고싶어용	여쿨 / 여름뮤트 여러분 빈티지 로즈에 브릭레드를 싸먹	굿굿 대만족 미니말고 본용량도 사고싶어용 여쿨 / 여름뮤트 여러분 빈티지 로즈에 브릭레드를 싸먹	1
5	귀여워서 보는사람 마다 한마디씩 다 해요	83일에 7키로예요.머리가 커서그런지 ㅋㅋ너무 잘 맞네	귀여워서 보는사람 마다 한마디씩 다 해요 83일에 7키로예요.머리가 커서그런지 ㅋㅋ너무 잘 맞네	1
5	귀여워요	너무너므 귀여워요~~생후6개월, 남아, 9.5kg 일부	귀여워요 너무너므 귀여워요~~생후6개월, 남아, 9.5kg 일부	1
5	귀여워요^^	외출때도 쓰고 딸꾹질날때도 쓰고 잘 쓰고있어요^^개월수	귀여워요^^ 외출때도 쓰고 딸꾹질날때도 쓰고 잘 쓰고있어요^^개월수	1
5	그냥저냥 괜찮습니다 큰기대는다면	요즘 다이소제품들이 워낙 괜찮아서  다이소꺼 샀는데이것	그냥저냥 괜찮습니다 큰기대는다면 요즘 다이소제품들이 워낙 괜찮아서  다이소꺼 샀는데이것	1
5	그냥저냥 쏘쏘 마몽드 win	알콜 완전 프리로 알고 구매했습니다이전에 마몽드에서 파	그냥저냥 쏘쏘 마몽드 win 알콜 완전 프리로 알고 구매했습니다이전에 마몽드에서 파	1
5	기대했던 것 만큼 최고!!	화질도 정말 깨끗하고 크기도 제가 생각 했던 것 보다	기대했던 것 만큼 최고!! 화질도 정말 깨끗하고 크기도 제가 생각 했던 것 보다	1
5	기모들어간 스포츠 목도리 좋네요	겨울철 자전거  많이 타는데 일반 목도리는 흘러내리거나	기모들어간 스포츠 목도리 좋네요 겨울철 자전거  많이 타는데 일반 목도리는 흘러내리거나	1
5	기모지만 실루엣은 기모같지 않아서 좋아요	이제 슬슬 날씨가 추워지는것 같아서 미리 바지안에 입을	기모지만 실루엣은 기모같지 않아서 좋아요 이제 슬슬 날씨가 추워지는것 같아서 미리 바지안에 입을	1
5	길이도 예쁘게 잘 맞아요~		길이도 예쁘게 잘 맞아요~	1
5	깔끔하게 입기좋음	티깔끔하게 잘왔네요신랑 여름에 입을만한게 없어서시켰는데	깔끔하게 입기좋음 티깔끔하게 잘왔네요신랑 여름에 입을만한게 없어서시켰는데	1
5	깨끗한 무향으로 가볍지만 촉촉하게 마무리	기초 화장품을 고를 때 향이 약한 걸 고르려고 애쓰는	깨끗한 무향으로 가볍지만 촉촉하게 마무리 기초 화장품을 고를 때 향이 약한 걸 고르려고 애쓰는	1
5	꼭 사셔야 합니다	저는 빵을 조금씩 뜯어서 우유에 말아 먹오요넘 고소하고	꼭 사셔야 합니다 저는 빵을 조금씩 뜯어서 우유에 말아 먹오요넘 고소하고	1
5	꼼꼼한 포장~	꼼꼼한 포장으로 잘 받았어요위생적이고, 간편해서 좋아요	꼼꼼한 포장~ 꼼꼼한 포장으로 잘 받았어요위생적이고, 간편해서 좋아요	1
5	꾸준히 사용하는 제품	"\"신랑이 이것만 써요ㅎ우르오스가 스킨 \"\"로션\"\"이 있"	"꾸준히 사용하는 제품 \"신랑이 이것만 써요ㅎ우르오스가 스킨 \"\"로션\"\"이 있"	1
5	끈적이지 않고 산뜻해요	휴대하기 너무 좋습니다.아기때문에 얼굴에는 썬크림은 못	끈적이지 않고 산뜻해요 휴대하기 너무 좋습니다.아기때문에 얼굴에는 썬크림은 못	1
5	냉동과일에 뿌려먹으면 너무맛나요	더위를  많이 타서  4월부터 10월까지  일년의 반을	냉동과일에 뿌려먹으면 너무맛나요 더위를  많이 타서  4월부터 10월까지  일년의 반을	1
5	너무 귀엽고 사랑스러워요	핑크의 니트 소재라서 구매했습니다.저는 핑크를 너무 좋	너무 귀엽고 사랑스러워요 핑크의 니트 소재라서 구매했습니다.저는 핑크를 너무 좋	1
5	너무 만족스러워요!	베이스를 올릴 때 좀 가볍고 자연스러운 연출을 원했는데	너무 만족스러워요! 베이스를 올릴 때 좀 가볍고 자연스러운 연출을 원했는데	1
5	너무 만족스러워요.	*구매이유: 기존에 쓰던 제품은 세안을 하고도 얼굴에	너무 만족스러워요. *구매이유: 기존에 쓰던 제품은 세안을 하고도 얼굴에	1
5	너무 예뻐요!	적당히 도톰하고 소매 배색된 색감도 예쁘고무엇보다 아이	너무 예뻐요! 적당히 도톰하고 소매 배색된 색감도 예쁘고무엇보다 아이	1
5	너무 좋아요	중2 사춘기 딸과 함께 쓰려고 구입했어요...저는 기존	너무 좋아요 중2 사춘기 딸과 함께 쓰려고 구입했어요...저는 기존	1
5	너무 좋아요 땀이 벌벌 나와요		너무 좋아요 땀이 벌벌 나와요	1
5	너무 좋아요 맘에 들어요~	마침 세럼이 다 써가던 차에 에스네이처 아쿠알란 세럼을	너무 좋아요 맘에 들어요~ 마침 세럼이 다 써가던 차에 에스네이처 아쿠알란 세럼을	1
5	너무너무밈에들어요 가볍고따뜻해요	가볍고따뜻하고  편한 근하고조아요	너무너무밈에들어요 가볍고따뜻해요 가볍고따뜻하고  편한 근하고조아요	1
5	너무부드럽고 따뜻해요		너무부드럽고 따뜻해요	1
5	너무예뻐요 ㅜㅜ	15개월아기 키80cm좀 안되고 몸무게11.5kg 정도	너무예뻐요 ㅜㅜ 15개월아기 키80cm좀 안되고 몸무게11.5kg 정도	1
5	너무이뻐요	8월7일 11시55분에 주문15시간만에 도착해서..바로	너무이뻐요 8월7일 11시55분에 주문15시간만에 도착해서..바로	1
5	너무좋은 무지 검정 목카라반팔셔츠!!	아주 가성비가 좋은 제품입니다.재구매까지 했습니다.	너무좋은 무지 검정 목카라반팔셔츠!! 아주 가성비가 좋은 제품입니다.재구매까지 했습니다.	1
5	넉넉하고 편해요 이쁘네요		넉넉하고 편해요 이쁘네요	1
5	넘 맘에들어요	일단 기장이 길어서 정말좋아요 추위를 넘 잘 타요 겨울	넘 맘에들어요 일단 기장이 길어서 정말좋아요 추위를 넘 잘 타요 겨울	1
5	녹차씨가 함유되어 있네요	오일이라 끈적이거나 미끌거리겠지 싶었는데 생각보다 그런	녹차씨가 함유되어 있네요 오일이라 끈적이거나 미끌거리겠지 싶었는데 생각보다 그런	1
5	눈코입이 자유분방하지만 쵹쵹한 팩	배송 오자마자 써보고 오늘 두번째!!팩 붙이고 누워서	눈코입이 자유분방하지만 쵹쵹한 팩 배송 오자마자 써보고 오늘 두번째!!팩 붙이고 누워서	1
5	느낌이 좋아요. 잘 사용할게요.	은은한 색감과 촉촉한 발림성이 좋아요. 가격대비  가성	느낌이 좋아요. 잘 사용할게요. 은은한 색감과 촉촉한 발림성이 좋아요. 가격대비  가성	1
5	늘 쓰던거	늘 쓰던겁니다.건성피부에 최고입니다. 다른제품쓰면 너무	늘 쓰던거 늘 쓰던겁니다.건성피부에 최고입니다. 다른제품쓰면 너무	1
5	늘 쟁여놓는 품목입니다.	개인적으로 굉장히 좋아하는 사워크림에요 다른 브랜드 꺼	늘 쟁여놓는 품목입니다. 개인적으로 굉장히 좋아하는 사워크림에요 다른 브랜드 꺼	1
5	니베아 립밤 구매후기	겨울철에 입술이 완전 건조해지고 해서사야지 사야지 했다	니베아 립밤 구매후기 겨울철에 입술이 완전 건조해지고 해서사야지 사야지 했다	1
5	다른색 입어보고 또 구매했어요		다른색 입어보고 또 구매했어요	1
5	다양한 색상에 부드러워 아주좋아요	아들이 합숙훈련을 간다고 해서 급하게 검색해서 저렴하고	다양한 색상에 부드러워 아주좋아요 아들이 합숙훈련을 간다고 해서 급하게 검색해서 저렴하고	1
5	닥터지 유명하죠^^	큰딸이 중딩인데 얼굴에 좁쌀이 요즘많이 올라와서 고민하	닥터지 유명하죠^^ 큰딸이 중딩인데 얼굴에 좁쌀이 요즘많이 올라와서 고민하	1
5	단가라처돌이	봄가을에 입기좋은 두께에요 얇은쭉티!시보리가 없어서 그	단가라처돌이 봄가을에 입기좋은 두께에요 얇은쭉티!시보리가 없어서 그	1
5	담백한 맛이예요!!	= 내돈 내산 실사용 후 리뷰= ------------	담백한 맛이예요!! = 내돈 내산 실사용 후 리뷰= ------------	1
5	덩치있으신분은 한두치수 크게 주문하세요	원단자체는 보들보들하고 좋고 신축성도 쭉쭉 잘늘어나서	덩치있으신분은 한두치수 크게 주문하세요 원단자체는 보들보들하고 좋고 신축성도 쭉쭉 잘늘어나서	1
5	두 색상 모두 너무 맘에 들어요	와이드 핏에 허리는 꽉 조여줘서 정말 날씬해 보여요밑위	두 색상 모두 너무 맘에 들어요 와이드 핏에 허리는 꽉 조여줘서 정말 날씬해 보여요밑위	1
5	두번째산거임	운동할때 이거만큼 편하고 좋은거 못봄 쿨론같은 소재라	두번째산거임 운동할때 이거만큼 편하고 좋은거 못봄 쿨론같은 소재라	1
5	득템	일단 원단 자체가 여자옷보다 좋음남친 사입혔는데 핏도	득템 일단 원단 자체가 여자옷보다 좋음남친 사입혔는데 핏도	1
5	디자인 예쁘고 입고 벗기 편해요	계절이 바뀌고 옷도 바꿔줄 시기어서 이옷을 선택 했어요	디자인 예쁘고 입고 벗기 편해요 계절이 바뀌고 옷도 바꿔줄 시기어서 이옷을 선택 했어요	1
5	디자인이 이쁜 스커트여요.		디자인이 이쁜 스커트여요.	1
5	따끈하게 회사에서 딱이에요		따끈하게 회사에서 딱이에요	1
5	딱 맞아요	핸드폰과 이질감은 없습니다...전면 커버 두께도 이전에	딱 맞아요 핸드폰과 이질감은 없습니다...전면 커버 두께도 이전에	1
5	딱 좋아요	옷이 얇으면서 보온성이 있어요집이 따뜻해서 너무 두껍고	딱 좋아요 옷이 얇으면서 보온성이 있어요집이 따뜻해서 너무 두껍고	1
5	딸 이 입을건데 만족하네요		딸 이 입을건데 만족하네요	1
5	라벤더 엄마 선물로 최고	엄마 휴대폰 바꿔 드리려고 갤럭시 s23 플러스로 선물	라벤더 엄마 선물로 최고 엄마 휴대폰 바꿔 드리려고 갤럭시 s23 플러스로 선물	1
5	립밤으로 쓰면 토인같고 딱 블러셔하기 좋은 색상 질감		립밤으로 쓰면 토인같고 딱 블러셔하기 좋은 색상 질감	1
5	립케어엔 리베아 만한게 없는듯	날씨가 추워지면서 건조해지기 시작했네요.어김없이 아이들	립케어엔 리베아 만한게 없는듯 날씨가 추워지면서 건조해지기 시작했네요.어김없이 아이들	1
5	마데카 크림 써보니 피부 건조함 줄어요.	아무래도 나이가 들면서 피부 탄력이나 주름에 신경 쓰게	마데카 크림 써보니 피부 건조함 줄어요. 아무래도 나이가 들면서 피부 탄력이나 주름에 신경 쓰게	1
5	마음에 드는 간식 찾았어요ㅎㅎ	요즘 입맛이 떨어져서 맛있는 간식 찾았는데,딱 제가 찾	마음에 드는 간식 찾았어요ㅎㅎ 요즘 입맛이 떨어져서 맛있는 간식 찾았는데,딱 제가 찾	1
5	막 입기 진짜 좋다!	L사길 진짜 잘했어요약간 낭낭하게 입고싶었는데 딱 원하	막 입기 진짜 좋다! L사길 진짜 잘했어요약간 낭낭하게 입고싶었는데 딱 원하	1
5	만족 대만족 초만족	이 제품 또한 제가 화해에서 분석, 비교를 해서 고심끝	만족 대만족 초만족 이 제품 또한 제가 화해에서 분석, 비교를 해서 고심끝	1
5	만족합니다	남편이 모자를 쓰고 일을 하는 직업인데 매번 잃어버려서	만족합니다 남편이 모자를 쓰고 일을 하는 직업인데 매번 잃어버려서	1
5	만족해용	색상은 생각했던것보다 연해요..쫌 더 찐한 색상이였음하	만족해용 색상은 생각했던것보다 연해요..쫌 더 찐한 색상이였음하	1
5	맛있어요 ........~~	배송도 빠르고 맛도 좋아요	맛있어요 ........~~ 배송도 빠르고 맛도 좋아요	1
5	맛있어요!	아침에 간단하게 먹으려구 구매했어요. 일찍 출근해야하는	맛있어요! 아침에 간단하게 먹으려구 구매했어요. 일찍 출근해야하는	1
5	맞아요  가슴브라자끼고하는거빼곤 괜찮아요	53155인데 딱맞아요속옷이좀 불편해요앞에지퍼라 속옷끼	맞아요  가슴브라자끼고하는거빼곤 괜찮아요 53155인데 딱맞아요속옷이좀 불편해요앞에지퍼라 속옷끼	1
5	몇번째 재구매인지;;;	일단 좋아요.그리고 좋아요.^___^저 이것저것 써봤지	몇번째 재구매인지;;; 일단 좋아요.그리고 좋아요.^___^저 이것저것 써봤지	1
5	모공 각질까지 세안하는 국민 클렌징폼 강추입니다.	◆◆구매 사유◆◆5~6년전부터 사용했던 클렌징 폼입니다	모공 각질까지 세안하는 국민 클렌징폼 강추입니다. ◆◆구매 사유◆◆5~6년전부터 사용했던 클렌징 폼입니다	1
5	목폴라	만족합니다^^통통한 6살인데 귀여워요목폴라는 딱 붙는	목폴라 만족합니다^^통통한 6살인데 귀여워요목폴라는 딱 붙는	1
5	무자극에 노니 성분에 수분감 뿜뿜	마스크로 인해서 한껏 예민해진 피부에 토너팩하고 싶어서	무자극에 노니 성분에 수분감 뿜뿜 마스크로 인해서 한껏 예민해진 피부에 토너팩하고 싶어서	1
5	무조건 사이즈 가장 큰 거 사셔야 합니다.	남자 169/65kg 어좁이.보통 사이즈 100짜리 입	무조건 사이즈 가장 큰 거 사셔야 합니다. 남자 169/65kg 어좁이.보통 사이즈 100짜리 입	1
5	뭐죠? 이 고급스러움은?	립 하나 주문했는데 박스가 커서 놀랐어요. 왠 과대포장	뭐죠? 이 고급스러움은? 립 하나 주문했는데 박스가 커서 놀랐어요. 왠 과대포장	1
5	미바 왕쿠션 후기	내돈 내산 미바 왕쿠션 후기입니다 '-'피부가 트러블이	미바 왕쿠션 후기 내돈 내산 미바 왕쿠션 후기입니다 '-'피부가 트러블이	1
5	미백과 주름 개선 효과가 있는 기능성 제품으로 촉촉해요	AHC 트리플 히아루로닉 순면 마스크팩 25ml  10	미백과 주름 개선 효과가 있는 기능성 제품으로 촉촉해요 AHC 트리플 히아루로닉 순면 마스크팩 25ml  10	1
5	미샤 타임 레볼루션 나이트리페어  피부탄력 관리	가벼운 사용감에도 불구하고 건조함을 싸악 잡아주더라구요	미샤 타임 레볼루션 나이트리페어  피부탄력 관리 가벼운 사용감에도 불구하고 건조함을 싸악 잡아주더라구요	1
5	민감성 피부에 아주 좋아용	제가 예민피부에 민감성이라서 스킨을 옛날에 이니스프리꺼	민감성 피부에 아주 좋아용 제가 예민피부에 민감성이라서 스킨을 옛날에 이니스프리꺼	1
5	밀착력 지속력 좋아요~	에이지투웨니스 에센스 커버 팩트 블랙골드에디션 21호	밀착력 지속력 좋아요~ 에이지투웨니스 에센스 커버 팩트 블랙골드에디션 21호	1
5	밑단으로 갈수록 퍼치는 부츠컷이 매력이지요	하이웨스트로 길어보이고 슬림한 다리실루엣을 연출 깔끔하	밑단으로 갈수록 퍼치는 부츠컷이 매력이지요 하이웨스트로 길어보이고 슬림한 다리실루엣을 연출 깔끔하	1
5	받자마자 확인, 퍽 만족한 썬크림	전국이 펄펄 끓는 온돌방같은 날씨에자외선에 의해 상할	받자마자 확인, 퍽 만족한 썬크림 전국이 펄펄 끓는 온돌방같은 날씨에자외선에 의해 상할	1
5	발림성 굿	에스쁘아 더슬릭 립스틱 크림매트 0.9g에스쁘아에서 선	발림성 굿 에스쁘아 더슬릭 립스틱 크림매트 0.9g에스쁘아에서 선	1
5	발림성이 좋아요	자외선때문에아이가 피부가 예민한데마스크를 쓰기 때문에너	발림성이 좋아요 자외선때문에아이가 피부가 예민한데마스크를 쓰기 때문에너	1
5	발열점 높은 기름!!❤️	"\"아몰리바 포마스 올리브 오일의 구매 review 입니"	"발열점 높은 기름!!❤️ \"아몰리바 포마스 올리브 오일의 구매 review 입니"	1
5	배송 엄청 빠르고 예상보다 괜찮았어요 !	배송 엄청 빠르고 예상보다 괜찮았어요 !	배송 엄청 빠르고 예상보다 괜찮았어요 ! 배송 엄청 빠르고 예상보다 괜찮았어요 !	1
5	배송이 대박..	7.11에 시켰는데 7.11 저녁에 왔네요..ㅎㅎ스킨이	배송이 대박.. 7.11에 시켰는데 7.11 저녁에 왔네요..ㅎㅎ스킨이	1
5	별기대 안했는데 좋네요	피부가 건강한 편이 아니라서 화장품은 까다롭게 선택해서	별기대 안했는데 좋네요 피부가 건강한 편이 아니라서 화장품은 까다롭게 선택해서	1
5	보들보들 사계절 데일리 티셔츠	요즘처럼 계절이 바뀌는 시즌에 이너웨어로 입으면 좋은마	보들보들 사계절 데일리 티셔츠 요즘처럼 계절이 바뀌는 시즌에 이너웨어로 입으면 좋은마	1
5	보들보들하고 빨아도 구김이 없어 좋아요		보들보들하고 빨아도 구김이 없어 좋아요	1
5	보습력짱짱 담날 까지 남아요		보습력짱짱 담날 까지 남아요	1
5	보습짱 안색이 밝아짐		보습짱 안색이 밝아짐	1
5	복합민감성피부라	피부가트러블이잘나는편이예요요즘처럼 날씨가추워지기시작하면	복합민감성피부라 피부가트러블이잘나는편이예요요즘처럼 날씨가추워지기시작하면	1
5	봄,가을에 입으면 좋을거 같습니다.	배송빠르고 상품 잘 받았습니다. 저렴하지만 마감도 좋고	봄,가을에 입으면 좋을거 같습니다. 배송빠르고 상품 잘 받았습니다. 저렴하지만 마감도 좋고	1
5	부담없이 바르기에 좋아요	저희 엄마께서 설화수를  메인으로 쓰시고 골든 콜라겐을	부담없이 바르기에 좋아요 저희 엄마께서 설화수를  메인으로 쓰시고 골든 콜라겐을	1
5	부드럽고 좋아요	저는 유리아쥬보다 부드럽고 촉촉한거 같아요아주 살짝 더	부드럽고 좋아요 저는 유리아쥬보다 부드럽고 촉촉한거 같아요아주 살짝 더	1
5	비싼거 살 필요 없어요	적당히 쫀쫀하고 좋아요ㅎㅎ	비싼거 살 필요 없어요 적당히 쫀쫀하고 좋아요ㅎㅎ	1
5	뽁뽁이 속에 말려왔네용	포장비닐  겁나 큼;1~3콧까지는 시럽젤마냥 티가 잘	뽁뽁이 속에 말려왔네용 포장비닐  겁나 큼;1~3콧까지는 시럽젤마냥 티가 잘	1
5	사용후기!	날씨가 추워지면서 입술이 건조해서 각질이 일어나  이	사용후기! 날씨가 추워지면서 입술이 건조해서 각질이 일어나  이	1
5	사이쥬가 넉넉하니 좋고 소재도 폭삭폭삭 따뜻해요	두상이 작은편이라서 그럴수 있겠지만 넉넉하고 모자쉐입도	사이쥬가 넉넉하니 좋고 소재도 폭삭폭삭 따뜻해요 두상이 작은편이라서 그럴수 있겠지만 넉넉하고 모자쉐입도	1
5	사이즈 굿 !!!!	16갤 남아 11kg 키 83 사이즈 딱 좋아요^^	사이즈 굿 !!!! 16갤 남아 11kg 키 83 사이즈 딱 좋아요^^	1
5	사이즈 넉넉하고 좋아요	이사이트의 봄가을 바지도 같은사이즈 구입했는데 기모바지	사이즈 넉넉하고 좋아요 이사이트의 봄가을 바지도 같은사이즈 구입했는데 기모바지	1
5	사이즈가 넉넉합니다.	처음에 M주문했다가 좀 커서 S로 교환했습니다. 한사이	사이즈가 넉넉합니다. 처음에 M주문했다가 좀 커서 S로 교환했습니다. 한사이	1
5	사이즈굿	제가다리가굵어서 바지찾기가힘든데 이건 너무핏이좋네요아쉬	사이즈굿 제가다리가굵어서 바지찾기가힘든데 이건 너무핏이좋네요아쉬	1
5	사진과 비슷해요.		사진과 비슷해요.	1
5	사진과비슷하거나 더 이뻐요 아이가 좋아합니다		사진과비슷하거나 더 이뻐요 아이가 좋아합니다	1
5	사진보다 이쁘고 착용이 편해요		사진보다 이쁘고 착용이 편해요	1
5	사춘기아이 여드름 피부에 좋아요	여러가지 써봤는데 사용하기 편하고 세정력 좋고 피부당김	사춘기아이 여드름 피부에 좋아요 여러가지 써봤는데 사용하기 편하고 세정력 좋고 피부당김	1
5	살짝 더 컸음해요	제가 165. 48kg인데요품은 맞는데 팔, 총길이가	살짝 더 컸음해요 제가 165. 48kg인데요품은 맞는데 팔, 총길이가	1
5	살짝 아쉬움	바지는 너무 만족스러운데 상의는 사이즈가 어깨가 살짝	살짝 아쉬움 바지는 너무 만족스러운데 상의는 사이즈가 어깨가 살짝	1
5	상쾌하고 바르기 좋네요	올인원 스킨 발라보니 상쾌하고 촉촉하게 스며드는 것이	상쾌하고 바르기 좋네요 올인원 스킨 발라보니 상쾌하고 촉촉하게 스며드는 것이	1
5	상품 아주 좋아요		상품 아주 좋아요	1
5	색감이이뻐요♡	사이즈도 딱이고 질도 시원한원단 여행갈때 입으려구 샀는	색감이이뻐요♡ 사이즈도 딱이고 질도 시원한원단 여행갈때 입으려구 샀는	1
5	색감좋고 핏좋고 따뜻해서 좋아요		색감좋고 핏좋고 따뜻해서 좋아요	1
5	색깔 너무 예뻐요  착용감도 좋구요	색깔이 너무 예뻐 구매했어요사진에 보인 색깔과 같아요	색깔 너무 예뻐요  착용감도 좋구요 색깔이 너무 예뻐 구매했어요사진에 보인 색깔과 같아요	1
5	색상과 품질이 좋아요		색상과 품질이 좋아요	1
5	샘플 써보고는 싹 다 샀어요	내돈내산 입니다.앰플만 써도 건조하다는 다른 분들의 후	샘플 써보고는 싹 다 샀어요 내돈내산 입니다.앰플만 써도 건조하다는 다른 분들의 후	1
5	생각보다	#내돈내산리뷰 #소확행곰돌이 너무 두껍게 발라놔서… 첨	생각보다 #내돈내산리뷰 #소확행곰돌이 너무 두껍게 발라놔서… 첨	1
5	생각보다 더 만족스러웠어요.	착용해봤는데 가성비 좋고 포장,품질 다 좋아요.감사합니	생각보다 더 만족스러웠어요. 착용해봤는데 가성비 좋고 포장,품질 다 좋아요.감사합니	1
5	생각보다 더 조은것 같아요 꾸준히 바를려구요	최악의 악건성인데 상품평두 좋구 주변지인이 괜찬다구 해	생각보다 더 조은것 같아요 꾸준히 바를려구요 최악의 악건성인데 상품평두 좋구 주변지인이 괜찬다구 해	1
5	생각보다 작아요	리뷰보면 작다하길래 한치수 크게 샀는데 남자친구가 딱	생각보다 작아요 리뷰보면 작다하길래 한치수 크게 샀는데 남자친구가 딱	1
5	선물용으로 딱~!	매번 보내는 치약 샴푸 린스 이런거말구좀건강도 챙기도	선물용으로 딱~! 매번 보내는 치약 샴푸 린스 이런거말구좀건강도 챙기도	1
5	선물용으로 샀는데 반응이	겨울철이다보니 목도리 하나 사줄려고 구매했었는데착용한거	선물용으로 샀는데 반응이 겨울철이다보니 목도리 하나 사줄려고 구매했었는데착용한거	1
5	선물용으로 제격!	선물용으로 산건데 받은 사람이 써보고 너무 좋다고 연락	선물용으로 제격! 선물용으로 산건데 받은 사람이 써보고 너무 좋다고 연락	1
5	선물용으로 좋아요		선물용으로 좋아요	1
5	소재가 좋아요	두께가 얇지않고 약간 도톰해요 보드라워서아기도 부드럽다	소재가 좋아요 두께가 얇지않고 약간 도톰해요 보드라워서아기도 부드럽다	1
5	수분 부족한 지성피부인 제가 정말 만족했습니다.(강추)	구매이유>수분 부족 지성많은 피부타입때문에바람부는 가을	수분 부족한 지성피부인 제가 정말 만족했습니다.(강추) 구매이유>수분 부족 지성많은 피부타입때문에바람부는 가을	1
5	수분과 트러블을 동시에 잡아줘요♡♡	요즘 건조한 날씨로 인해 피부도 정말 건조해져서 주름도	수분과 트러블을 동시에 잡아줘요♡♡ 요즘 건조한 날씨로 인해 피부도 정말 건조해져서 주름도	1
5	수선하기 싫으시면 키 크신분들만 사세요 전 너무 만족중	제 키가 170인데 가슴 바로 밑까지 올릴때 발목 전체	수선하기 싫으시면 키 크신분들만 사세요 전 너무 만족중 제 키가 170인데 가슴 바로 밑까지 올릴때 발목 전체	1
5	순하고 촉촉함이 솔솔	마침 사용하던 수분 앰플이 똑 떨어져서처음 라운드랩 제	순하고 촉촉함이 솔솔 마침 사용하던 수분 앰플이 똑 떨어져서처음 라운드랩 제	1
5	스킨은 이것만 사용 해요 진짜 좋아요	✅ 구매 이유 : 저는 피부가 정말 예민해서 스킨만 잘	스킨은 이것만 사용 해요 진짜 좋아요 ✅ 구매 이유 : 저는 피부가 정말 예민해서 스킨만 잘	1
5	시원하고 좋아요	더운데서 열 받아서 와서 이 제품 냉장고에 넣었다 바르	시원하고 좋아요 더운데서 열 받아서 와서 이 제품 냉장고에 넣었다 바르	1
5	시큼하고 쫀득, 묵직한 맛..	"\"두 번째 구입..최근은 그릭요거트 보다 사워크림이 더"	"시큼하고 쫀득, 묵직한 맛.. \"두 번째 구입..최근은 그릭요거트 보다 사워크림이 더"	1
5	식후 대추차한잔!밥잘먹고 소화도잘되면 좋은거죠!	밥잘먹고 잘자는게 제일인데 대추가 불면증에도 식후 소화	식후 대추차한잔!밥잘먹고 소화도잘되면 좋은거죠! 밥잘먹고 잘자는게 제일인데 대추가 불면증에도 식후 소화	1
5	실속있는 선크림이에요. 민감피부에도 자극 없어요.	➖ ➖ ➖ ➖ ➖ ➖ ➖ ➖ ➖ ➖ ➖ ➖  ➖ [[[	실속있는 선크림이에요. 민감피부에도 자극 없어요. ➖ ➖ ➖ ➖ ➖ ➖ ➖ ➖ ➖ ➖ ➖ ➖  ➖ [[[	1
5	싸게 득템~~!!	가격대비 참 맘레 들어요.막달 임산부인데 배까지 잘 감	싸게 득템~~!! 가격대비 참 맘레 들어요.막달 임산부인데 배까지 잘 감	1
5	씹강추	아주마음에들어 흡족합니딘	씹강추 아주마음에들어 흡족합니딘	1
5	아들이 좋아하네요		아들이 좋아하네요	1
5	아버지 생신선물로 트랜디하게	아버지 생신선물을 고민하다 현금을 드리기엔 너무 어린나	아버지 생신선물로 트랜디하게 아버지 생신선물을 고민하다 현금을 드리기엔 너무 어린나	1
5	아빠 이너로 입는다기에 ㅎ	아빠가 여름에 땀 마니 난다고 반팔안에 이너로 입을 거	아빠 이너로 입는다기에 ㅎ 아빠가 여름에 땀 마니 난다고 반팔안에 이너로 입을 거	1
5	아이가 만족해 해요.	키 116에 몸무게 23인  옷사이즈 130입는 남아인	아이가 만족해 해요. 키 116에 몸무게 23인  옷사이즈 130입는 남아인	1
5	아이들이 잘 먹네요!!	잔 기침이 너무 심해 배즙 도라지즙 다 먹여봤는데 목아	아이들이 잘 먹네요!! 잔 기침이 너무 심해 배즙 도라지즙 다 먹여봤는데 목아	1
5	아이에게입히니 딱 이쁘고 잘입혔어요	배송굿	아이에게입히니 딱 이쁘고 잘입혔어요 배송굿	1
5	아주 굿	개량한복의 멋이 느껴지고, 색도 사진과 같아요~^^하나	아주 굿 개량한복의 멋이 느껴지고, 색도 사진과 같아요~^^하나	1
5	아주 맘에 들어요~한 번썼는데도 얼굴이 광채나네요 ㅋㅋ		아주 맘에 들어요~한 번썼는데도 얼굴이 광채나네요 ㅋㅋ	1
5	아주예뻐요		아주예뻐요	1
5	안바른듯 화사합니다		안바른듯 화사합니다	1
5	안사면 후회!사면 백프로만족각!	정사이즈에 거의 가깝고, 내몸에 맞춰주는 옷의 디자인이	안사면 후회!사면 백프로만족각! 정사이즈에 거의 가깝고, 내몸에 맞춰주는 옷의 디자인이	1
5	암것도 안 먹고 싶을 때, 한 입 권해봅니다	재구매 했어요.1.구매동기 :  아이가 아침을 안 먹고	암것도 안 먹고 싶을 때, 한 입 권해봅니다 재구매 했어요.1.구매동기 :  아이가 아침을 안 먹고	1
5	앰플이랑 함께 바를려고 구입	앰플 제품이 유명하다길래 구입하면서 같은 라인 쓰는게	앰플이랑 함께 바를려고 구입 앰플 제품이 유명하다길래 구입하면서 같은 라인 쓰는게	1
5	약간 타이트 하지만 몸을 꽉 잡아 주어요.	만족 합니다.	약간 타이트 하지만 몸을 꽉 잡아 주어요. 만족 합니다.	1
5	얇고 부드러워 좋습니다!!	겨울이라 실내에서 입힐 긴팔, 긴바지를 사려고 보다가	얇고 부드러워 좋습니다!! 겨울이라 실내에서 입힐 긴팔, 긴바지를 사려고 보다가	1
5	어떤 피부상태에도 자극감없이 촉촉해요	스킨팩해주면 피부걱정 없어요 5통넘게 쓴 여름엔 지성	어떤 피부상태에도 자극감없이 촉촉해요 스킨팩해주면 피부걱정 없어요 5통넘게 쓴 여름엔 지성	1
5	엄청 부드럽고 따뜻해요. 사이즈조절도 편해요.	부드러운 재질 좋아하는 아이라 엄청 맘에 들어해요. 털	엄청 부드럽고 따뜻해요. 사이즈조절도 편해요. 부드러운 재질 좋아하는 아이라 엄청 맘에 들어해요. 털	1
5	엄청가벼워요. 득템했네요~	가겹고 이뻐요.신랑 일할때 쓴다고 가벼운거 하나보고있었	엄청가벼워요. 득템했네요~ 가겹고 이뻐요.신랑 일할때 쓴다고 가벼운거 하나보고있었	1
5	여드름 개선에도 좋고 이주 만족해요		여드름 개선에도 좋고 이주 만족해요	1
5	여름에 물놀이 갈 때 입을 거에요	●튜브트리 여성용 신축성 좋은 보드숏 비치팬츠 ㅡ아이들	여름에 물놀이 갈 때 입을 거에요 ●튜브트리 여성용 신축성 좋은 보드숏 비치팬츠 ㅡ아이들	1
5	여름토너로 최고! 산뜻하면서 속건조도 잘잡혀요!	✅구매 이유저는 속건조가 심해서 3스킨 이상 바릅니다.	여름토너로 최고! 산뜻하면서 속건조도 잘잡혀요! ✅구매 이유저는 속건조가 심해서 3스킨 이상 바릅니다.	1
5	여섯개째 사용 중입니다	발림성 좋고 잘 지워지지 않아서 덧바를 필요 없어요 앞	여섯개째 사용 중입니다 발림성 좋고 잘 지워지지 않아서 덧바를 필요 없어요 앞	1
5	여유있게 입을수 있게 샀어요. 길이도 색도 마음 쏙~		여유있게 입을수 있게 샀어요. 길이도 색도 마음 쏙~	1
5	역시나 좋아요	작년에 피부가 너무 건조하고 따가워서 미샤제품 알로에로	역시나 좋아요 작년에 피부가 너무 건조하고 따가워서 미샤제품 알로에로	1
5	예뻐요	키165에 몸무게 55 (옷사이즈 상체 55 하체 66	예뻐요 키165에 몸무게 55 (옷사이즈 상체 55 하체 66	1
5	예뻐요	트레이닝세트 생각보다예뻐요아이보리색주문했는데 색도예쁘고	예뻐요 트레이닝세트 생각보다예뻐요아이보리색주문했는데 색도예쁘고	1
5	예뻐요	한 사이즈 업 하라는  말이 있어서 L 주문했어요. 바	예뻐요 한 사이즈 업 하라는  말이 있어서 L 주문했어요. 바	1
5	예뻐요..	4세남아 98cm 15kg 4호가딱이쁠꺼같은데내년설.추	예뻐요.. 4세남아 98cm 15kg 4호가딱이쁠꺼같은데내년설.추	1
5	예뻐요~~!! 부드럽고 따뜻해서 매일 사용하고 있어요!	엄마랑 커플템으로 쓰고 싶어서 목도리 찾던 중에 1+1	예뻐요~~!! 부드럽고 따뜻해서 매일 사용하고 있어요! 엄마랑 커플템으로 쓰고 싶어서 목도리 찾던 중에 1+1	1
5	오 좀좋은데?	튜브형만쓰다 이번에 기회가되어 바꿔봤어여 용량도 굿이고	오 좀좋은데? 튜브형만쓰다 이번에 기회가되어 바꿔봤어여 용량도 굿이고	1
5	오. 가격대비 굳 퀄리티 예쁘다	전에 쓰던 블랙이 타사 남성용인데 좀 더 크고 부드러운	오. 가격대비 굳 퀄리티 예쁘다 전에 쓰던 블랙이 타사 남성용인데 좀 더 크고 부드러운	1
5	오~ 좋아요	많이 끈적이지 않고, 향도 괜찮고, 저는 피부 트러블도	오~ 좋아요 많이 끈적이지 않고, 향도 괜찮고, 저는 피부 트러블도	1
5	올 가을 겨울 필수템인 것 같습니다.	오자마자 바로 입었는데 어디서 샀냐고 출처확인 두번 요	올 가을 겨울 필수템인 것 같습니다. 오자마자 바로 입었는데 어디서 샀냐고 출처확인 두번 요	1
5	올 겨울 립밤은 너로 정했다!!!!!!바세린!	바세린 립밤<구매이유>가을이 오고나면 바세린 생각이 납	올 겨울 립밤은 너로 정했다!!!!!!바세린! 바세린 립밤<구매이유>가을이 오고나면 바세린 생각이 납	1
5	올인원이라 편한데 보습력에 향까지 좋네요!	아빠 선물해드리려고 남자 올인원로션 찾아서 구매했어요!	올인원이라 편한데 보습력에 향까지 좋네요! 아빠 선물해드리려고 남자 올인원로션 찾아서 구매했어요!	1
5	옷냄새가너무심함/스판 업어허리부분불편		옷냄새가너무심함/스판 업어허리부분불편	1
5	와우~  너무 편해요~	수영복은 늘 타이트한데 이건 편히 입을 수 있고 윗배부	와우~  너무 편해요~ 수영복은 늘 타이트한데 이건 편히 입을 수 있고 윗배부	1
5	완전 개운해요.	클렌징 오일을 1차, 폼클랜징을 2차로 사용하는데,타제	완전 개운해요. 클렌징 오일을 1차, 폼클랜징을 2차로 사용하는데,타제	1
5	완전 좋음	넉넉하게 입으려고 큰사이즈 주문함.옆솔기없이 원통으로	완전 좋음 넉넉하게 입으려고 큰사이즈 주문함.옆솔기없이 원통으로	1
5	요즘 다시 펑퍼짐하고 와이드한 바지가 유행이더라구요	일자핏 청바지나 아니면 살짝 스키니가 들어간 청바지만	요즘 다시 펑퍼짐하고 와이드한 바지가 유행이더라구요 일자핏 청바지나 아니면 살짝 스키니가 들어간 청바지만	1
5	용량 큽니다	사용전인데 용량이 맘에들어 별점 만땅드람	용량 큽니다 사용전인데 용량이 맘에들어 별점 만땅드람	1
5	우리집 남자식구들 모두 사용중입니다 ^^	남자들 귀찮아서 이것저것 잘 바르지 않아서 사용하게된	우리집 남자식구들 모두 사용중입니다 ^^ 남자들 귀찮아서 이것저것 잘 바르지 않아서 사용하게된	1
5	우리집 와플전용- 핫케이크믹스가루	■구입가격 : 3,680원마트:3,980원으로 쿠팡이	우리집 와플전용- 핫케이크믹스가루 ■구입가격 : 3,680원마트:3,980원으로 쿠팡이	1
5	우선 향이 너무 좋습니다. 아주 포근한 느낌입니다.	제목: 촉촉하고 부드러운 피부로 만들어주는 바디로션내용	우선 향이 너무 좋습니다. 아주 포근한 느낌입니다. 제목: 촉촉하고 부드러운 피부로 만들어주는 바디로션내용	1
5	운동할 때 입으려고 샀는데 데일리 옷 됐어요	평소 미듐사이즈 주로 입고 키는 165입니다. 레깅스에	운동할 때 입으려고 샀는데 데일리 옷 됐어요 평소 미듐사이즈 주로 입고 키는 165입니다. 레깅스에	1
5	워터파크에서 입을걸	워터파크에서 입을려고 구입했는데 제가 덩치가 커서 딱	워터파크에서 입을걸 워터파크에서 입을려고 구입했는데 제가 덩치가 커서 딱	1
5	원래 쓰던거에요~	*쿠팡 체험단으로 쿠팡에서 제공받았습니다*원래 꾸준히	원래 쓰던거에요~ *쿠팡 체험단으로 쿠팡에서 제공받았습니다*원래 꾸준히	1
5	원래 좋아하는 썬크림은..	난... 썬크림이 끈적이거나 흐르는걸 싫어한다.주로 운	원래 좋아하는 썬크림은.. 난... 썬크림이 끈적이거나 흐르는걸 싫어한다.주로 운	1
5	이 촉촘함 뭐죵^^	<내돈내산 솔직후기>1. 구입이유 : 타브랜드 영양크림	이 촉촘함 뭐죵^^ <내돈내산 솔직후기>1. 구입이유 : 타브랜드 영양크림	1
5	이가격에 이거는 거저입니다 사세요 대두등여!	제가 군대서63호   사회에서는 맞는모자가 없음  한6	이가격에 이거는 거저입니다 사세요 대두등여! 제가 군대서63호   사회에서는 맞는모자가 없음  한6	1
5	이거 밖에 못 씁니다..!!	여자친구가 즐겨쓰던 크림인데, 저도 영업당해서 아주 잘	이거 밖에 못 씁니다..!! 여자친구가 즐겨쓰던 크림인데, 저도 영업당해서 아주 잘	1
5	이건 바르면 끈적임× 건조했던 피부가 매끈하니 괜찮아요	현재 닥터지 레드 블레미쉬 클리어크림 사용중이라 닥터지	이건 바르면 끈적임× 건조했던 피부가 매끈하니 괜찮아요 현재 닥터지 레드 블레미쉬 클리어크림 사용중이라 닥터지	1
5	이니스프리 그린티 씨드 세럼 굿굿	1. 배송쿠팡 배송은 워낙 빠르고 정확하니까요~ 주문	이니스프리 그린티 씨드 세럼 굿굿 1. 배송쿠팡 배송은 워낙 빠르고 정확하니까요~ 주문	1
5	이니스프리 퍼펙트9 인텐시브세럼	저는 건조피부입니다.거의 악건조라고 볼수있죠.세럼에 대	이니스프리 퍼펙트9 인텐시브세럼 저는 건조피부입니다.거의 악건조라고 볼수있죠.세럼에 대	1
5	이뻐요	27 m 주문하니 딱.좋아요핏 넘넘 이쁘구 색상도 이뻐	이뻐요 27 m 주문하니 딱.좋아요핏 넘넘 이쁘구 색상도 이뻐	1
5	이뻐요 ㅋㅋ	크긴하지만 내년까지 입힐꺼라 ㅋㅋ 100으로 샀네요 1	이뻐요 ㅋㅋ 크긴하지만 내년까지 입힐꺼라 ㅋㅋ 100으로 샀네요 1	1
5	이뿐 기본템	올해 5살된 보통체격 남아에요 ㅎㅎㅎ깔끔하고 목까지 다	이뿐 기본템 올해 5살된 보통체격 남아에요 ㅎㅎㅎ깔끔하고 목까지 다	1
5	이제품 추천하고 싶어요~^^	언니가 30ml 샘플을 두개 줘서 써봤는데 너무나 괜찮	이제품 추천하고 싶어요~^^ 언니가 30ml 샘플을 두개 줘서 써봤는데 너무나 괜찮	1
5	일반적인 사이즈보다 쪼금 작은 거 같아요	키 174cm에 65kg로 평소 66을 입고 L (10	일반적인 사이즈보다 쪼금 작은 거 같아요 키 174cm에 65kg로 평소 66을 입고 L (10	1
5	입으니깐 참으로 편해요		입으니깐 참으로 편해요	1
5	입허요오	입으면 이쁠거같아서 샀는데 잘어울리고 생각보다 크길래	입허요오 입으면 이쁠거같아서 샀는데 잘어울리고 생각보다 크길래	1
5	자극없고 향이 좋아서  두고두고 오래 쓸수있어 조아요		자극없고 향이 좋아서  두고두고 오래 쓸수있어 조아요	1
5	자근없고 순해요	10살 딸 이마 좁쌀 여드름 때문에 이것저것 사용해보고	자근없고 순해요 10살 딸 이마 좁쌀 여드름 때문에 이것저것 사용해보고	1
5	자연스럽게 톤업~!!♡	요즘은 톤업 썬크림이 대세라지요~^^저는 화장을 잘 할	자연스럽게 톤업~!!♡ 요즘은 톤업 썬크림이 대세라지요~^^저는 화장을 잘 할	1
5	작년 여름에 이어 재구매입니다 :)	아주아주 매우 만만한 티셔츠예요 ㅎ그래서 너무 좋답니다	작년 여름에 이어 재구매입니다 :) 아주아주 매우 만만한 티셔츠예요 ㅎ그래서 너무 좋답니다	1
5	작은데 조금만 발라도 촉촉한 보습	▶히말라야 림밥 아 이제 겨울인것인가입술이 잘 안트는	작은데 조금만 발라도 촉촉한 보습 ▶히말라야 림밥 아 이제 겨울인것인가입술이 잘 안트는	1
5	잘 받았습니다	잘 받았습니다 신축성도 좋고 하나만 입어도 엄청 따뜻하	잘 받았습니다 잘 받았습니다 신축성도 좋고 하나만 입어도 엄청 따뜻하	1
5	잘 입을게요^^	➡️구매동기팬티를 구매할 때가 온 것 같아서 검색 후	잘 입을게요^^ ➡️구매동기팬티를 구매할 때가 온 것 같아서 검색 후	1
5	잘맞아요	77반인데 잘맞네요애기낳고 첨 물놀이가는데 나한테 맞는	잘맞아요 77반인데 잘맞네요애기낳고 첨 물놀이가는데 나한테 맞는	1
5	잘먹는 썬크림	저는 운동나갈때 꼭 선크림을 중독적으로 발라요.안써본것	잘먹는 썬크림 저는 운동나갈때 꼭 선크림을 중독적으로 발라요.안써본것	1
5	잘쓰고있어요~		잘쓰고있어요~	1
5	잠그는 버튼이 자꾸 손상되서 튼튼한걸로 샀는데 네이비	색상 괜찮고 깔끔해 보이네요끈은 예쁘긴 한데 저는 좀	잠그는 버튼이 자꾸 손상되서 튼튼한걸로 샀는데 네이비 색상 괜찮고 깔끔해 보이네요끈은 예쁘긴 한데 저는 좀	1
5	잠깐입힌만해요	나름괜찮아요허리부분이살짝커서흘러내려와요~~	잠깐입힌만해요 나름괜찮아요허리부분이살짝커서흘러내려와요~~	1
5	재구매 했어요	핏도 이쁘고  석감도  화면보다 실물이  더 이뻐서 재	재구매 했어요 핏도 이쁘고  석감도  화면보다 실물이  더 이뻐서 재	1
5	재구매해서 자주쓰고있어요~~	같은직장언니가 향좋다고 추천해줬어요 가격도 저렴하고 만	재구매해서 자주쓰고있어요~~ 같은직장언니가 향좋다고 추천해줬어요 가격도 저렴하고 만	1
5	재빠르게 신속하게 절도 있게 구매 클릭해바라 마	내사 마 올겨울 코트는 이거 하나로 낫다 이거 뭐 거진	재빠르게 신속하게 절도 있게 구매 클릭해바라 마 내사 마 올겨울 코트는 이거 하나로 낫다 이거 뭐 거진	1
5	재질 좋아요	여름에 시원할것 같아요?아직 입혀보기전인데, 원단은 얇	재질 좋아요 여름에 시원할것 같아요?아직 입혀보기전인데, 원단은 얇	1
5	저는 맘에 듭니다.	셔츠 위에 입을라고 샀는데, 너무 꽉 끼지도 않고, 입	저는 맘에 듭니다. 셔츠 위에 입을라고 샀는데, 너무 꽉 끼지도 않고, 입	1
5	저는 지복합성 피부입니다.	달바 썬크림 .톤업크림이 좋다고들 해서구입해서 써봤네욤	저는 지복합성 피부입니다. 달바 썬크림 .톤업크림이 좋다고들 해서구입해서 써봤네욤	1
5	저렴하게 잘 산것 같아요~		저렴하게 잘 산것 같아요~	1
5	저자극으로 각질 제거가 됩니다	------------------------------	저자극으로 각질 제거가 됩니다 ------------------------------	1
5	적당한 보습	번들거리지 않고 촉촉해요 궁중비책 대부분 라인들은 만족	적당한 보습 번들거리지 않고 촉촉해요 궁중비책 대부분 라인들은 만족	1
5	적당한 사이즈       세정력 우수해요	뷰티어워즈 수상 제품으로 선정된	적당한 사이즈       세정력 우수해요 뷰티어워즈 수상 제품으로 선정된	1
5	정말 딱맞네요. 기장 적당해요	롤업해서 입어도 무난하구요,허벅지 크신분들은 한치수 크	정말 딱맞네요. 기장 적당해요 롤업해서 입어도 무난하구요,허벅지 크신분들은 한치수 크	1
5	정말 좋음	좋네요.... 이때까지 뭣도모르고 다슈 올인원으로 쓰고	정말 좋음 좋네요.... 이때까지 뭣도모르고 다슈 올인원으로 쓰고	1
5	정사이즈 추천	어린이집 가을 운동회로 급하게 샀어요세탁하면 줄겠지 하	정사이즈 추천 어린이집 가을 운동회로 급하게 샀어요세탁하면 줄겠지 하	1
5	정성스런 포장	가성비 이런상품 넘감사하죠	정성스런 포장 가성비 이런상품 넘감사하죠	1
5	정품	랑방 향수 공식 수입사가 코익이에요이 향수도 코익이네용	정품 랑방 향수 공식 수입사가 코익이에요이 향수도 코익이네용	1
5	제 스타일은 거 같애서 너무 마음에 들어요~~^^*	너무 이뻐요 ~^^*언니들이 고급스럽다고 하네요이 가격	제 스타일은 거 같애서 너무 마음에 들어요~~^^* 너무 이뻐요 ~^^*언니들이 고급스럽다고 하네요이 가격	1
5	제 인생 스킨이에요	제 인생 스킨이에요bbb스킨로션 이것저것 많이 써봤는데	제 인생 스킨이에요 제 인생 스킨이에요bbb스킨로션 이것저것 많이 써봤는데	1
5	제가 마른편이라 그런지 딱맞습니다.		제가 마른편이라 그런지 딱맞습니다.	1
5	제가 찾던 제품이고 가격까지 적당해서 정말 맘에 드네요		제가 찾던 제품이고 가격까지 적당해서 정말 맘에 드네요	1
5	제품 정말 좋아요...많이 파시고 대박나세요!	받자말자 저녁에 바로 체험을 했습니다.본품외 추가품 몇	제품 정말 좋아요...많이 파시고 대박나세요! 받자말자 저녁에 바로 체험을 했습니다.본품외 추가품 몇	1
5	조금 넉넉하게 사세요	9개월 8kg정도 되는 아가에요평소에 80정도 입어서	조금 넉넉하게 사세요 9개월 8kg정도 되는 아가에요평소에 80정도 입어서	1
5	좀 칙칙햇던피부가 화사해진것같아요	성분이 좋아서 그런지 사용감도 좋고 특히 레몬향기 환장	좀 칙칙햇던피부가 화사해진것같아요 성분이 좋아서 그런지 사용감도 좋고 특히 레몬향기 환장	1
5	좀더사용해볼게요	사용후 다시후기올려보겠습니다^^	좀더사용해볼게요 사용후 다시후기올려보겠습니다^^	1
5	좋네요	천이 얇고 시원해요.보통은 물빠짐때문에 연한 색 위주로	좋네요 천이 얇고 시원해요.보통은 물빠짐때문에 연한 색 위주로	1
5	좋다 무조건사라	싼맛에 쓸라했는데 갠찮다 촉촉하니 싼맛에 갠찮다	좋다 무조건사라 싼맛에 쓸라했는데 갠찮다 촉촉하니 싼맛에 갠찮다	1
5	좋습니당		좋습니당	1
5	좋아염:)	손바닥 반정도 덮는길이~~엉덩이 덮는 길이~~박시한 스	좋아염:) 손바닥 반정도 덮는길이~~엉덩이 덮는 길이~~박시한 스	1
5	좋아요	매번 구매해 쓰고 있어요	좋아요 매번 구매해 쓰고 있어요	1
5	좋아요	시즌투는첨써봐요.쿠션은자주바꿔써서 이번에이거로구매.노리	좋아요 시즌투는첨써봐요.쿠션은자주바꿔써서 이번에이거로구매.노리	1
5	좋아요	알로에 수딩젤이 필요해서 샀는데 시카 성분도 들어있고	좋아요 알로에 수딩젤이 필요해서 샀는데 시카 성분도 들어있고	1
5	좋아요	일단 제품 외형을 보자면..튜브형용기의 높이는 대략 1	좋아요 일단 제품 외형을 보자면..튜브형용기의 높이는 대략 1	1
5	좋아요	저희 식구들 세안제로 잘 사용하고 있습니다.향도 순하고	좋아요 저희 식구들 세안제로 잘 사용하고 있습니다.향도 순하고	1
5	좋아요	제가 흰색성애자인데다 블랙계열을 싫어해서네이비를 샀음에	좋아요 제가 흰색성애자인데다 블랙계열을 싫어해서네이비를 샀음에	1
5	좋아요 ^^	모자가 필요해서 서치하던 중. 이 모자를 보게되었는데	좋아요 ^^ 모자가 필요해서 서치하던 중. 이 모자를 보게되었는데	1
5	좋아하는색이에요		좋아하는색이에요	1
5	좋은 딥클렌징 거품 짠짠	그동안 클렌징 유목민으로 지내고 있었어요 약산성제품도	좋은 딥클렌징 거품 짠짠 그동안 클렌징 유목민으로 지내고 있었어요 약산성제품도	1
5	좋은데..	생각보다 두꺼움?헬멧을 착용하면.. 너무 두꺼워서 목이	좋은데.. 생각보다 두꺼움?헬멧을 착용하면.. 너무 두꺼워서 목이	1
5	좋은물건감사합니다.많이파세요	귀여워요.사진그대로예요.추천합니다다.따뜻하고가벼워요	좋은물건감사합니다.많이파세요 귀여워요.사진그대로예요.추천합니다다.따뜻하고가벼워요	1
5	주변사람 나눠주었음 너무 좋대요	제가 팩을 사용하는데 저는 잘 사용하지 못했지만그래서	주변사람 나눠주었음 너무 좋대요 제가 팩을 사용하는데 저는 잘 사용하지 못했지만그래서	1
5	중2아들 예민한 피부에 좋아요		중2아들 예민한 피부에 좋아요	1
5	지금 제 피부에 필요한 앰플 !	이니스프리 New 레티놀 시카 흔적 케어 앰플 1개 3	지금 제 피부에 필요한 앰플 ! 이니스프리 New 레티놀 시카 흔적 케어 앰플 1개 3	1
5	진짜진짜 너무맛있어요	✔️ 아침대용으로 핫도그 만한게 없는거 같아요! 아이들	진짜진짜 너무맛있어요 ✔️ 아침대용으로 핫도그 만한게 없는거 같아요! 아이들	1
5	진하지도 않고 수수하게 전맘에들어요		진하지도 않고 수수하게 전맘에들어요	1
5	짱 입니다요~	너무 좋아서 상품평 쓰기 싫을 정도입니다.얼굴이 악간성	짱 입니다요~ 너무 좋아서 상품평 쓰기 싫을 정도입니다.얼굴이 악간성	1
5	짱 좋아요~^^ 배송두 겁나 빠릅니다^^	향 엄청좋구요 짝퉁 얘기가 많아서 걱정했는데 진짜 향	짱 좋아요~^^ 배송두 겁나 빠릅니다^^ 향 엄청좋구요 짝퉁 얘기가 많아서 걱정했는데 진짜 향	1
5	쫀쫀하니 좋네요	면도 좋고 디자인 좋고 말해 뭐하겠어요 입어보세요 팬티	쫀쫀하니 좋네요 면도 좋고 디자인 좋고 말해 뭐하겠어요 입어보세요 팬티	1
5	처음 구매해 봤어요.	⭕ 구매동기 이 브랜드의 제품 중 여드름용 제품을 반년	처음 구매해 봤어요. ⭕ 구매동기 이 브랜드의 제품 중 여드름용 제품을 반년	1
5	천이 부드럽고 좋아요		천이 부드럽고 좋아요	1
5	첫구매 만족해요♡	비타민 에센스를 주로 사용했는데 이번엔 세럼을 구입해보	첫구매 만족해요♡ 비타민 에센스를 주로 사용했는데 이번엔 세럼을 구입해보	1
5	초딩6학년 잘맞음	초6딸내미가 자기빤쮸 너무 애같다고 그래서 주문해 봤어	초딩6학년 잘맞음 초6딸내미가 자기빤쮸 너무 애같다고 그래서 주문해 봤어	1
5	촉촉하게 맑게 자신있게~	✔️주문/배송일 : 23.02.13 주문 ➡️ 23.0	촉촉하게 맑게 자신있게~ ✔️주문/배송일 : 23.02.13 주문 ➡️ 23.0	1
5	촉촉하고 깔끔해요	몇번째 재구매하고 있는 제품입니다~~우선 자극적이지 않	촉촉하고 깔끔해요 몇번째 재구매하고 있는 제품입니다~~우선 자극적이지 않	1
5	촉촉하고 묽고 부드러움	많이 발라도 부담스럽지 않은 촉촉함. 달바제품 워낙 좋	촉촉하고 묽고 부드러움 많이 발라도 부담스럽지 않은 촉촉함. 달바제품 워낙 좋	1
5	촉촉하니 아이 입술에 딱 좋아요!	구매가격 : 4,240원재구매의사 : ♥︎♥︎♥︎♥︎♥	촉촉하니 아이 입술에 딱 좋아요! 구매가격 : 4,240원재구매의사 : ♥︎♥︎♥︎♥︎♥	1
5	촉촉함이 남다릅니다.	달팽이 점액질마냥 끈끈한 액이 마스크에 듬뿍 묻혀져있습	촉촉함이 남다릅니다. 달팽이 점액질마냥 끈끈한 액이 마스크에 듬뿍 묻혀져있습	1
5	촘촘~	가디건 성애자ㅋ ㅇ가디건 쌓아놓고 사는 사람입니다ㅋ 특	촘촘~ 가디건 성애자ㅋ ㅇ가디건 쌓아놓고 사는 사람입니다ㅋ 특	1
5	추천해요	너무편하고 고급져요	추천해요 너무편하고 고급져요	1
5	추천해요	질이 보들보들하니 너무 좋아요.까칠한부분도 없고 색상도	추천해요 질이 보들보들하니 너무 좋아요.까칠한부분도 없고 색상도	1
5	출퇴근 용으로 하나 샀습니다	추리링은 너무 성의 없어 보이고 불편한 옷은 싫어서 출	출퇴근 용으로 하나 샀습니다 추리링은 너무 성의 없어 보이고 불편한 옷은 싫어서 출	1
5	캐치미 : 짙은 입술색MLBB	"\"★ 색: 말린장미색인데 짙은 버젼. 자색고구마 정도."	"캐치미 : 짙은 입술색MLBB \"★ 색: 말린장미색인데 짙은 버젼. 자색고구마 정도."	1
5	코코아버터를 입에 바르는거 같당	아주 좋아요 다가오는 가을, 겨울에 세일할때 쟁여두었습	코코아버터를 입에 바르는거 같당 아주 좋아요 다가오는 가을, 겨울에 세일할때 쟁여두었습	1
5	퀄리티 좋아요~~❤	■셋트인데도 가격대비 넘 좋아서 ..다른디자인으로 네이	퀄리티 좋아요~~❤ ■셋트인데도 가격대비 넘 좋아서 ..다른디자인으로 네이	1
5	키170-65 남성분은 xl를 추천	키 170에 몸무게 65인 남성분들은 xl를 추천 드립	키170-65 남성분은 xl를 추천 키 170에 몸무게 65인 남성분들은 xl를 추천 드립	1
5	타이트하게 입지않은편이라서 조금작게 느껴지네요	하지만품질이랑 색상이 예쁘 용기내어  입고외출했드니 지	타이트하게 입지않은편이라서 조금작게 느껴지네요 하지만품질이랑 색상이 예쁘 용기내어  입고외출했드니 지	1
5	투데이넛 견과류 종류 신선해서 좋아요	투데이넛 제품 신선하고 퀄도 좋은 상품만 배송와서마음에	투데이넛 견과류 종류 신선해서 좋아요 투데이넛 제품 신선하고 퀄도 좋은 상품만 배송와서마음에	1
5	패피키즈의 필수아이템 퀄팅자켓♡	간절기 이런 스타일의 퀄팅자켓이 필요했는데,딱 보여지다	패피키즈의 필수아이템 퀄팅자켓♡ 간절기 이런 스타일의 퀄팅자켓이 필요했는데,딱 보여지다	1
5	페이퍼	피부개기름확실히잡아줍니다	페이퍼 피부개기름확실히잡아줍니다	1
5	편하게 잘입어요	흰티를 좋아해서 잘입구있어요	편하게 잘입어요 흰티를 좋아해서 잘입구있어요	1
5	편하고 예쁜데 딱 맞아서 올봄 한 계절만 입힐 수 있음	32개월 94cm,14kg아기바지길이가 지금 딱 맞아서	편하고 예쁜데 딱 맞아서 올봄 한 계절만 입힐 수 있음 32개월 94cm,14kg아기바지길이가 지금 딱 맞아서	1
5	편해요.	평소에 M 사이즈 입는데 품절 되서 L로 주문 했는데	편해요. 평소에 M 사이즈 입는데 품절 되서 L로 주문 했는데	1
5	평상복으로 입기도 좋아요	5/22일에 구매했는데 다음날 배송되 배송도 빠르고 디	평상복으로 입기도 좋아요 5/22일에 구매했는데 다음날 배송되 배송도 빠르고 디	1
5	품절된기전에 얼른 구매하세요	모자끈이 없서 창이 넓지 안으나 저렴하고 이쁘네요 27	품절된기전에 얼른 구매하세요 모자끈이 없서 창이 넓지 안으나 저렴하고 이쁘네요 27	1
5	풍성하고 쫀쫀한 거품 맘에 들어요	클렌징폼 소량만 써도 거품 잘 나고 부드럽네요 세안하기	풍성하고 쫀쫀한 거품 맘에 들어요 클렌징폼 소량만 써도 거품 잘 나고 부드럽네요 세안하기	1
5	피부에 흡수가 빠름~^^	멏년째쓰는 상품이라~것돌지안쿠 조아요바르고 화장하면 하	피부에 흡수가 빠름~^^ 멏년째쓰는 상품이라~것돌지안쿠 조아요바르고 화장하면 하	1
5	핏이 잘 빠져서 이뻐요	다른 청바지에 비해 살짝 크게나와서 허리 사이즈에 맞게	핏이 잘 빠져서 이뻐요 다른 청바지에 비해 살짝 크게나와서 허리 사이즈에 맞게	1
5	한번에 다 해결되네 이보다 더 편할 순 없다!	양이 진짜 많아요.왠만한 일반 샴푸보다도 양이 많아서	한번에 다 해결되네 이보다 더 편할 순 없다! 양이 진짜 많아요.왠만한 일반 샴푸보다도 양이 많아서	1
5	항상애용하는제품이에요	여름에필수품 아니 사계절필수품이죠~^^이제품이 맘에드는	항상애용하는제품이에요 여름에필수품 아니 사계절필수품이죠~^^이제품이 맘에드는	1
5	해표 카놀라유 너무 좋아요~	✅️ 구매 이유!다용도로 활용하기 좋아서 집에 항상 구	해표 카놀라유 너무 좋아요~ ✅️ 구매 이유!다용도로 활용하기 좋아서 집에 항상 구	1
5	향, 제형 모두 산뜻핫 타입  ~	완전 수분타잎이라 물바른것 같읏 느낌이에요유분기 1도없	향, 제형 모두 산뜻핫 타입  ~ 완전 수분타잎이라 물바른것 같읏 느낌이에요유분기 1도없	1
5	향에  예민한데  자극적이지  않아  좋아요		향에  예민한데  자극적이지  않아  좋아요	1
5	형광 이쁜 펜츠 수영복	베트남 여행 계획에 있어서 물놀이가 빠질 수 없죠!~~	형광 이쁜 펜츠 수영복 베트남 여행 계획에 있어서 물놀이가 빠질 수 없죠!~~	1
5	홍조민감성한테 굳	쿨링력이 정말 좋고마무리감이 끈적이지 않고 수분 가득찬	홍조민감성한테 굳 쿨링력이 정말 좋고마무리감이 끈적이지 않고 수분 가득찬	1
5	효과가 잇길	조카가 요거 쓰고 여드름이 좋아졋다고 해서 저두 구매해	효과가 잇길 조카가 요거 쓰고 여드름이 좋아졋다고 해서 저두 구매해	1
5	휘뚜루마뚜루	어디에나 휘뚜루마뚜루 입히기좋아요!얇기는 바람막이정도처	휘뚜루마뚜루 어디에나 휘뚜루마뚜루 입히기좋아요!얇기는 바람막이정도처	1
5	휘뚜루마뚜루 입을수있는 옷	오빠놈 생일이라서 급하게 주문하였는데검정색이라 그런지	휘뚜루마뚜루 입을수있는 옷 오빠놈 생일이라서 급하게 주문하였는데검정색이라 그런지	1
5	히팅감	지속력이야 워낙 유명해서 말해 뭐하나 싶은데 제가 손톱	히팅감 지속력이야 워낙 유명해서 말해 뭐하나 싶은데 제가 손톱	1
5	힙시트 없는 육아 상상 할 수 없어요.	지금도 하고 있어요 힙시트. 애기몸무게 5키로 넘어갈	힙시트 없는 육아 상상 할 수 없어요. 지금도 하고 있어요 힙시트. 애기몸무게 5키로 넘어갈	1
